SpectrumName : 100_Torr.SPC
XUnit        : 
YUnit        : 
Length       : 2048
SubSpcNum    : 1
StartSubSpc  : 0
StopSubSpc   : 0
Comment      : 
Realtime     : 602.761
Livetime     : 600.000
Deadtime     : 2.761
Starttime    : 30.01.2023 09:55:56
Stoptime     : 30.01.2023 10:05:58
CalibCoeff   : a=0.000000000E+000 b=0.000000000E+000 c=0.000000000E+000 d=0.000000000E+000
SpectrumText : 0 
125,147,156,142,146,166,150,147
148,166,155,155,194,179,170,128
194,175,168,151,180,170,166,189
200,186,172,199,175,177,182,212
185,207,197,212,194,196,190,217
202,205,225,199,214,228,208,202
218,206,189,226,225,208,223,216
237,199,194,213,201,209,202,204
203,204,188,218,181,216,200,211
199,200,179,179,162,176,192,205
201,205,202,207,193,193,199,165
184,168,168,172,190,174,173,161
172,170,164,176,179,153,165,162
153,164,177,164,177,163,163,171
177,169,168,167,177,149,165,143
163,177,146,178,164,154,175,144
158,189,153,163,188,188,195,176
186,164,194,171,182,202,155,176
207,181,221,198,222,213,229,195
203,216,206,244,215,199,220,214
202,217,203,245,227,226,233,256
255,231,256,251,255,255,263,258
292,265,286,264,276,273,238,290
317,280,293,313,301,280,300,312
295,283,312,317,292,277,304,296
284,326,349,271,343,337,363,320
311,317,324,326,313,328,343,296
309,329,319,288,306,320,333,321
324,292,328,323,289,306,307,324
319,273,328,308,344,293,274,318
291,317,269,295,280,311,282,300
273,261,293,289,278,267,266,250
264,256,257,246,269,263,231,250
266,207,234,236,203,242,234,212
198,203,245,199,212,216,179,207
215,221,186,183,185,166,192,184
171,182,171,179,201,150,175,164
167,138,133,150,157,147,167,159
175,139,150,153,154,160,147,157
143,140,121,155,154,149,154,159
148,136,144,128,143,151,145,150
154,162,140,159,143,174,168,160
136,174,172,158,148,162,154,184
164,169,163,173,174,191,187,171
168,162,164,190,187,162,168,198
179,170,188,168,182,182,186,158
189,183,193,193,176,189,209,188
172,212,212,178,173,208,164,203
175,184,216,170,171,181,203,178
216,197,185,184,186,167,193,185
184,159,171,167,181,147,185,153
169,164,166,166,159,177,133,130
141,153,162,125,139,119,136,137
123,121,115,119,111,112,113,127
133,117,113,107,111,95,100,94
99,87,94,98,84,101,79,88
58,80,90,87,60,66,81,76
61,65,72,62,58,61,78,50
44,50,39,41,52,52,52,41
40,33,36,43,44,36,41,35
39,34,19,11,30,26,29,30
20,22,23,23,19,18,18,16
12,17,18,15,15,18,16,16
8,14,15,9,12,9,12,10
12,7,9,17,8,9,6,6
5,9,10,7,7,8,3,7
8,5,9,4,5,5,3,6
6,6,5,6,6,7,8,3
3,0,4,3,1,1,7,3
5,3,7,3,3,3,2,5
5,5,5,1,2,5,2,5
4,1,4,2,4,1,7,5
5,3,3,4,2,2,2,4
1,2,3,3,4,3,4,6
3,7,4,2,3,3,2,2
9,3,7,1,5,4,3,3
4,1,7,2,2,5,1,5
2,6,4,10,3,3,4,4
4,5,4,7,5,11,6,3
2,8,5,5,8,4,6,5
3,3,4,6,5,3,4,2
5,5,8,5,6,6,6,7
2,9,4,2,6,7,3,7
8,5,7,5,7,12,8,11
9,4,4,9,11,6,5,5
5,7,5,2,7,1,12,9
6,4,6,7,6,9,6,7
7,7,6,5,5,10,6,12
7,7,6,11,6,3,10,10
5,8,10,9,6,14,11,2
5,17,9,12,15,5,13,9
10,11,8,10,7,12,14,12
11,11,6,13,11,12,15,17
13,8,14,22,15,15,14,14
11,9,16,17,13,15,18,11
17,20,15,16,14,16,18,19
19,14,25,19,18,23,31,19
26,15,15,22,32,38,16,32
24,26,31,24,26,33,35,19
34,25,37,32,44,35,30,32
32,37,49,46,47,29,51,47
49,56,55,56,43,55,46,46
59,59,58,54,54,64,73,65
64,72,70,54,78,77,81,83
74,89,85,92,89,83,83,91
96,96,79,110,77,99,95,98
98,115,119,124,131,124,108,103
124,124,157,128,135,135,134,141
131,149,133,129,127,174,158,163
167,164,149,164,157,168,161,160
181,156,152,158,174,150,177,162
161,178,167,197,181,179,174,170
173,178,187,187,188,162,186,184
152,177,152,179,179,192,159,186
186,182,183,152,183,193,153,172
175,169,157,164,160,163,158,147
176,156,163,137,165,144,151,140
150,140,139,142,125,128,158,116
137,113,126,133,117,125,114,109
109,120,94,100,129,89,94,87
82,72,83,88,80,86,76,75
76,63,69,95,61,70,64,70
58,59,68,48,58,66,45,50
57,50,42,43,43,49,48,37
49,35,32,38,43,29,36,43
31,29,19,26,23,27,21,18
18,21,23,19,21,16,20,16
21,13,18,12,6,10,16,16
12,11,5,9,17,10,8,9
10,8,10,4,4,2,4,7
10,4,8,3,8,1,5,4
5,6,5,7,6,4,3,2
3,1,2,1,1,5,3,0
2,3,1,1,3,3,1,1
1,1,0,1,1,2,0,2
2,1,1,0,1,1,0,0
1,1,0,0,0,0,0,1
0,0,0,0,2,1,0,1
0,1,0,0,1,1,1,0
0,0,0,0,0,0,0,0
1,0,0,0,0,0,0,0
0,0,0,0,0,0,0,0
0,0,0,0,0,0,0,0
0,0,0,0,0,0,0,0
0,0,0,1,0,0,0,0
0,0,0,0,0,0,0,0
0,1,0,0,0,0,0,0
0,0,0,0,0,0,0,1
0,0,0,0,0,0,0,0
0,0,0,0,0,0,0,0
0,0,0,0,0,0,0,0
0,0,0,0,0,0,0,0
0,0,0,0,0,0,0,0
0,0,0,0,0,0,0,0
0,0,0,0,0,0,0,0
0,0,0,0,0,0,0,0
0,0,0,0,0,0,0,0
0,0,0,0,0,0,0,0
0,0,0,1,0,0,0,0
0,0,0,0,0,0,0,0
0,0,1,0,0,0,0,0
0,0,0,0,0,0,0,0
0,0,0,0,0,0,0,0
0,0,0,0,0,0,0,0
0,0,0,0,0,0,0,0
0,0,0,0,0,0,0,0
0,0,0,0,0,1,0,0
0,0,0,0,0,0,0,0
0,0,0,0,0,0,0,0
0,0,0,0,0,0,0,0
0,0,0,0,0,0,0,0
1,0,0,0,0,0,0,0
0,0,0,0,0,0,0,0
0,0,0,0,0,0,0,0
0,0,0,0,0,0,0,0
0,0,0,0,0,0,0,0
0,0,0,0,0,0,0,0
0,0,0,0,0,0,0,0
0,0,0,0,0,0,0,0
0,0,0,0,0,1,0,0
0,0,0,0,0,0,0,0
0,0,0,0,0,1,0,0
0,0,0,0,0,0,0,0
0,0,0,0,0,0,0,0
0,0,0,0,0,0,0,0
0,0,0,0,0,0,0,0
0,0,0,0,0,0,0,0
1,0,0,0,0,0,0,1
0,0,0,0,0,0,0,0
0,0,0,0,0,0,0,0
0,0,0,0,0,0,0,0
0,0,0,0,0,0,0,0
0,0,0,0,0,0,0,0
0,0,0,0,0,0,0,1
0,0,0,0,0,0,0,0
0,0,0,0,0,0,0,0
0,0,0,0,0,1,0,0
0,0,0,0,0,0,0,0
0,0,0,0,0,0,1,0
0,0,0,0,0,0,0,0
0,0,0,0,0,0,0,0
0,0,0,0,0,0,0,0
0,0,0,0,0,0,0,0
0,0,0,0,0,0,0,0
0,0,0,0,0,1,0,0
0,0,0,0,0,0,0,0
0,0,0,0,0,0,0,0
0,0,0,0,0,0,0,0
0,0,0,0,0,0,0,0
0,0,0,0,0,0,0,0
0,0,0,0,0,0,0,0
0,0,0,0,0,0,0,0
0,0,0,0,0,0,0,0
0,0,0,0,0,0,0,0
0,0,0,0,0,0,0,0
0,0,0,0,0,0,0,0
0,0,0,0,0,0,0,0
0,0,0,0,0,0,0,0
0,0,0,0,0,0,0,0
0,0,0,0,0,0,0,0
0,0,0,0,0,0,0,1
0,0,0,0,0,0,0,0
0,0,0,0,0,0,0,0
0,0,0,0,0,0,0,0
0,1,0,0,0,0,0,0
0,0,0,0,0,0,0,0
0,0,0,0,0,1,0,0
0,0,0,0,0,0,0,0
0,0,0,0,0,0,0,0
0,1,0,0,0,0,0,0
0,0,0,0,0,0,0,0
0,0,0,0,0,0,0,0
0,1,0,0,0,0,0,0
0,0,0,0,0,0,0,0
0,0,0,0,0,0,0,0
0,0,0,0,1,0,0,0
0,0,0,0,0,0,0,0
0,0,0,0,0,0,0,0
0,0,0,0,0,0,0,0
0,0,0,0,0,0,0,0
0,0,0,0,0,0,0,0
0,0,0,0,0,0,0,0
0,0,0,0,0,0,1,0
0,0,0,0,0,0,0,0
0,0,0,0,0,0,0,0
0,0,0,0,0,0,0,0
0,0,0,0,0,0,0,0
0,0,0,0,0,0,0,0
0,0,0,0,0,0,0,0
0,0,0,0,0,0,0,0
0,0,0,0,0,0,0,0
0,0,0,0,0,0,0,0
0,0,0,0,0,0,0,0
0,0,0,0,0,0,0,0
0,0,0,0,0,0,0,0
0,0,0,0,0,0,0,0
