SpectrumName : 125_Torr.SPC
XUnit        : 
YUnit        : 
Length       : 2048
SubSpcNum    : 1
StartSubSpc  : 0
StopSubSpc   : 0
Comment      : 
Realtime     : 602.759
Livetime     : 600.000
Deadtime     : 2.759
Starttime    : 30.01.2023 11:47:39
Stoptime     : 30.01.2023 11:57:42
CalibCoeff   : a=0.000000000E+000 b=0.000000000E+000 c=0.000000000E+000 d=0.000000000E+000
SpectrumText : 0 
210,220,222,204,204,216,189,231
226,216,201,244,216,208,205,221
268,219,228,240,243,270,261,265
257,271,293,293,306,244,259,291
294,262,336,297,269,304,318,311
362,350,346,321,326,344,300,348
345,330,340,347,380,352,365,336
346,375,352,360,374,361,367,354
368,389,362,404,355,366,376,385
339,346,367,345,362,386,403,345
345,373,376,369,378,356,342,324
356,330,316,370,333,349,332,344
338,308,332,323,292,317,293,325
296,301,303,283,281,277,268,245
298,252,257,254,254,242,258,264
220,243,214,240,253,227,227,198
196,212,226,215,190,189,190,210
159,187,203,182,202,193,168,165
186,173,174,174,165,186,161,165
151,182,162,159,188,152,162,169
166,169,167,166,196,174,164,164
185,180,188,180,168,179,171,183
200,192,188,183,195,183,180,182
202,209,185,197,181,206,203,208
193,217,189,219,196,203,218,209
199,214,219,197,187,204,226,220
233,235,216,246,241,192,210,214
203,211,217,221,228,216,222,192
218,217,206,202,180,205,203,199
210,192,183,193,174,170,171,161
172,176,191,166,157,155,153,144
164,163,148,136,154,141,149,124
142,129,120,134,111,104,114,114
116,97,98,104,119,82,87,86
79,86,92,78,66,80,81,56
67,64,68,65,34,54,45,61
58,49,47,55,59,37,38,37
36,23,34,34,26,41,29,26
20,27,27,34,20,27,18,24
11,13,17,24,13,16,14,13
15,10,13,8,12,16,11,16
9,10,9,7,9,5,6,5
6,10,9,10,10,7,10,7
5,5,7,4,6,10,6,9
5,8,7,6,6,5,6,5
9,7,7,4,6,7,6,6
5,5,6,4,3,4,3,7
3,2,4,4,6,4,3,6
3,5,5,4,3,2,6,6
5,3,6,7,3,2,2,5
6,7,5,2,5,5,5,5
5,5,4,3,4,7,2,7
4,2,3,3,9,7,4,8
4,7,3,3,10,4,4,5
11,11,5,8,5,4,8,4
3,6,11,9,4,3,11,10
6,7,8,4,4,2,10,4
5,8,3,6,9,6,8,8
10,5,7,6,4,5,15,6
7,6,6,5,7,9,7,8
7,2,13,11,9,11,12,13
3,3,7,13,6,5,8,8
10,5,6,10,10,9,7,8
15,8,16,15,10,6,12,12
13,8,8,18,12,17,2,8
14,9,13,16,24,9,14,6
18,13,13,14,14,15,23,20
21,18,8,21,20,25,19,19
23,18,19,17,31,21,22,21
22,32,20,32,29,31,34,31
27,35,30,35,33,34,33,33
41,41,24,42,33,52,34,56
45,51,65,52,49,50,55,64
56,58,73,56,65,71,62,72
76,74,95,89,76,80,77,93
94,77,93,74,91,96,96,105
93,112,79,94,122,108,125,101
133,122,134,122,119,127,141,121
131,147,145,149,161,156,175,166
146,165,168,166,151,158,175,174
199,188,177,177,182,185,180,187
180,175,212,207,190,193,177,189
224,205,196,182,192,200,191,193
205,205,203,198,223,215,186,185
181,217,204,189,185,187,193,197
186,190,174,184,212,185,165,192
182,171,186,162,163,162,166,138
176,152,148,131,139,150,140,135
119,146,152,128,113,101,119,117
102,94,114,98,89,114,81,95
84,93,91,66,77,85,74,66
68,70,77,69,64,60,53,44
53,58,40,48,51,49,46,46
31,34,39,46,43,42,41,35
37,30,40,25,37,32,27,15
15,25,23,26,18,19,20,19
16,17,9,11,12,14,9,9
11,8,8,4,12,8,9,10
13,4,6,3,2,4,9,8
7,5,3,1,8,5,2,3
4,1,2,1,3,3,2,0
1,6,2,5,0,5,2,3
2,1,1,1,1,1,0,0
2,0,1,1,1,0,1,2
0,0,0,0,0,0,0,0
2,0,0,0,0,0,0,1
0,0,1,1,0,0,1,0
0,0,0,0,0,0,0,1
0,0,0,0,0,0,0,0
0,0,0,0,0,0,0,0
0,0,0,0,0,1,0,0
0,0,0,0,1,0,0,0
0,0,0,0,0,0,0,0
0,0,0,0,0,0,0,0
0,0,0,0,0,0,0,0
0,0,0,0,0,0,0,0
0,1,0,0,0,0,0,0
0,0,0,0,0,0,0,0
0,0,0,0,0,0,0,0
0,0,0,0,0,0,0,0
0,0,0,0,0,0,0,0
0,1,0,0,0,0,0,0
0,1,0,0,0,0,0,0
0,0,0,0,0,0,1,0
0,0,0,0,0,0,0,0
0,0,0,0,2,0,0,0
0,0,0,0,0,0,0,0
0,0,0,0,0,0,0,0
0,0,0,0,0,0,0,0
0,0,0,1,0,0,0,0
0,0,0,0,0,0,0,0
0,0,0,0,0,0,0,0
0,0,0,0,0,0,0,0
0,0,0,0,0,0,0,0
1,0,0,0,0,0,0,0
0,0,0,0,0,0,0,0
0,0,0,0,0,0,0,0
0,0,0,0,0,0,0,0
0,0,0,0,0,0,0,0
1,0,0,0,0,0,0,0
0,0,0,0,0,0,0,0
0,0,0,0,0,0,0,0
0,0,0,0,0,0,1,0
0,0,0,0,0,0,0,0
0,0,0,0,0,0,0,0
0,0,0,0,1,0,0,0
0,0,0,0,0,0,0,0
0,0,0,1,0,1,0,0
0,0,0,0,0,0,0,0
0,0,0,0,0,0,0,0
0,0,0,0,0,0,0,0
0,0,0,0,0,0,1,0
0,0,0,0,0,0,0,0
0,0,0,0,0,0,0,0
0,0,0,0,0,0,0,1
0,0,0,1,0,0,0,0
0,0,0,0,0,1,0,0
0,0,0,0,0,0,0,0
0,0,0,0,0,0,0,0
0,0,0,0,0,0,0,0
0,0,0,0,1,0,0,0
0,0,0,0,0,1,0,0
0,0,0,0,0,0,0,0
0,0,0,0,0,0,0,0
0,0,0,0,0,0,0,0
0,0,0,0,0,0,0,0
0,0,0,0,0,0,0,0
0,0,0,0,0,0,0,0
0,0,0,0,0,0,0,0
0,0,0,0,0,0,0,0
0,0,0,0,0,0,0,0
0,0,0,0,0,0,0,0
0,0,0,0,0,0,0,0
0,0,0,0,0,1,0,0
0,0,0,0,0,0,0,0
0,0,0,0,0,0,0,0
0,1,0,0,0,0,0,0
0,0,0,0,0,0,0,0
0,0,0,0,0,0,0,0
0,0,1,0,0,0,0,0
0,0,0,0,0,0,0,0
0,0,0,0,0,0,0,0
0,0,0,0,1,0,0,0
0,0,0,0,0,0,0,0
0,0,0,0,0,0,0,1
0,1,0,0,0,0,0,0
0,1,0,0,0,0,0,0
0,0,0,0,0,0,0,0
0,0,0,0,0,0,0,0
0,0,0,0,0,0,0,0
0,0,1,0,0,0,0,0
0,0,0,0,0,0,0,0
0,0,0,0,0,0,0,0
0,0,0,0,0,1,0,0
0,0,0,0,0,0,0,0
0,0,0,0,0,0,0,0
0,0,0,0,1,0,0,0
0,0,0,0,0,0,0,0
0,0,0,0,0,0,0,0
0,0,0,0,0,0,0,0
1,0,0,0,0,0,0,0
0,0,0,0,0,0,0,0
0,0,0,0,0,0,0,0
0,0,0,0,0,0,0,0
0,0,0,0,0,0,0,0
0,0,0,0,0,0,0,0
0,0,0,0,0,0,0,0
0,0,0,0,0,0,0,0
0,0,0,0,0,0,0,0
0,0,0,0,0,0,0,0
0,0,0,0,0,0,0,0
0,0,0,0,0,0,0,0
0,0,0,0,0,0,0,0
0,0,0,0,0,0,0,0
0,0,0,0,0,0,0,0
0,0,0,0,0,0,0,0
0,0,0,0,0,0,0,0
0,0,0,0,0,0,0,0
0,0,0,0,0,0,0,0
0,0,0,0,0,0,0,0
0,0,0,0,0,0,0,0
0,0,0,0,0,0,0,0
0,0,0,0,0,0,0,0
0,0,0,0,0,0,0,0
0,0,0,0,0,0,0,0
0,0,1,0,0,0,1,0
0,0,0,0,0,0,0,0
0,0,0,0,0,0,0,0
0,0,0,0,0,0,0,0
0,0,0,0,0,0,0,0
0,0,0,0,0,0,0,0
0,0,0,0,0,0,0,0
0,0,0,0,0,0,0,0
0,0,0,0,0,0,0,0
0,0,0,0,0,0,0,0
0,0,0,0,0,0,0,0
0,0,0,0,0,0,0,0
0,0,0,0,0,0,0,0
0,0,0,0,0,0,0,0
0,0,0,0,0,0,0,0
0,0,0,0,0,0,0,0
0,0,0,0,0,0,0,0
0,0,0,0,0,0,0,0
0,0,1,0,0,0,0,0
0,0,0,0,0,0,0,0
0,0,0,0,0,0,0,0
0,0,0,0,0,0,0,0
0,0,0,0,0,0,0,0
0,0,0,0,0,0,0,0
0,0,0,0,0,0,0,0
0,0,0,0,0,0,0,0
0,0,0,0,0,0,0,0
0,0,0,0,0,0,0,0
0,0,0,0,0,0,0,0
0,0,0,0,0,0,0,0
0,0,0,0,0,0,0,0
