SpectrumName : 150_Torr.SPC
XUnit        : 
YUnit        : 
Length       : 2048
SubSpcNum    : 1
StartSubSpc  : 0
StopSubSpc   : 0
Comment      : 
Realtime     : 602.694
Livetime     : 600.000
Deadtime     : 2.694
Starttime    : 30.01.2023 10:07:43
Stoptime     : 30.01.2023 10:17:46
CalibCoeff   : a=0.000000000E+000 b=0.000000000E+000 c=0.000000000E+000 d=0.000000000E+000
SpectrumText : 0 
188,171,174,196,190,192,210,191
224,202,205,214,238,211,224,246
200,218,221,220,218,246,260,233
266,250,278,239,243,259,250,262
278,254,296,250,289,279,259,284
269,278,281,270,302,320,287,282
294,278,302,290,289,311,261,286
298,318,317,328,317,301,351,313
326,296,309,312,301,334,340,305
335,313,363,307,296,341,330,292
278,315,299,285,309,276,326,315
306,294,296,327,280,335,319,322
304,296,280,287,258,261,277,248
266,269,298,253,258,228,243,259
265,226,256,260,265,206,254,214
217,214,257,224,225,237,233,214
212,206,200,202,205,178,182,177
192,201,190,191,172,191,174,163
167,177,168,185,176,164,161,144
165,172,146,157,135,144,169,145
137,147,131,157,134,146,126,138
153,132,151,147,154,122,159,151
167,124,123,153,138,145,148,150
158,155,156,155,128,164,131,137
162,155,168,187,171,170,155,162
146,178,153,172,158,155,183,160
169,175,182,175,186,153,178,172
170,183,182,183,190,165,173,199
168,171,203,196,177,177,176,183
193,188,188,220,183,176,194,197
187,180,205,182,189,201,181,199
215,176,202,176,180,163,185,172
169,188,165,183,165,154,155,146
154,180,163,161,160,155,147,139
155,172,158,144,139,135,135,159
161,136,119,114,133,115,123,133
126,110,130,117,111,111,96,92
95,94,85,99,94,88,85,102
86,74,83,84,76,83,64,67
64,68,63,60,53,54,48,59
53,47,51,54,42,41,40,51
37,46,35,50,43,36,26,36
31,24,27,25,32,26,23,14
24,29,22,20,30,19,26,22
12,16,15,14,22,22,19,15
17,11,12,6,6,10,7,11
10,14,17,15,11,10,8,10
5,11,11,7,4,6,6,7
12,7,7,3,5,4,5,2
10,4,2,9,4,7,5,4
9,6,3,6,4,1,2,6
5,4,9,5,5,7,5,6
2,5,5,5,3,3,0,1
5,2,3,8,4,4,1,5
2,5,6,2,3,6,5,5
7,4,5,8,5,8,4,7
5,6,3,6,5,3,7,3
3,5,4,6,4,3,6,7
4,4,5,1,3,2,2,2
1,2,4,5,3,2,2,1
2,1,2,6,11,0,4,9
5,3,6,5,11,6,5,4
2,4,6,4,5,3,3,9
5,3,5,2,10,3,4,6
5,8,6,6,8,3,10,3
7,3,6,2,0,3,6,4
7,12,4,4,7,9,5,10
4,9,4,10,10,7,8,8
3,8,6,7,8,7,10,10
7,9,13,11,8,6,11,7
6,8,4,5,10,6,10,7
6,11,12,7,14,10,5,6
8,14,11,10,11,10,11,6
13,11,7,11,16,14,9,10
8,11,15,10,12,9,11,11
11,9,15,13,12,13,13,9
12,15,11,19,11,16,15,12
14,13,14,20,16,13,14,19
18,20,26,22,15,17,26,14
21,19,27,21,23,24,29,24
27,25,28,33,27,27,36,40
31,31,39,33,26,31,38,33
44,24,48,44,45,54,49,41
54,49,52,44,53,49,70,55
57,63,75,66,58,73,59,89
65,82,80,63,78,74,69,69
74,77,86,94,101,106,106,111
96,107,100,100,95,122,112,104
112,126,117,114,116,138,113,135
138,124,143,129,137,151,140,133
126,136,139,144,164,143,160,129
157,175,165,148,144,169,158,184
158,148,165,161,149,172,150,179
183,174,178,177,193,181,190,160
160,190,173,182,186,203,168,156
184,177,182,186,200,190,176,189
170,185,165,177,151,171,162,180
169,164,167,168,149,144,171,161
147,130,145,133,150,136,146,128
128,110,130,160,134,123,138,148
116,121,125,130,110,115,115,120
110,100,101,91,98,86,97,85
67,86,77,72,91,92,72,76
83,66,67,65,64,71,61,54
46,52,70,49,54,55,51,48
50,46,41,56,44,55,41,46
30,38,23,42,31,26,40,36
28,25,24,25,25,25,24,22
20,18,16,17,27,18,13,16
13,13,11,9,10,18,6,16
8,9,10,9,10,8,8,5
6,14,12,3,6,5,5,6
7,7,6,1,9,6,3,8
1,2,3,2,6,5,4,3
2,3,1,3,1,4,2,1
4,1,1,2,2,0,0,0
2,0,0,0,0,1,0,1
2,0,0,2,0,3,0,2
0,0,1,0,0,0,0,0
0,0,0,0,0,0,1,0
0,0,0,0,0,0,0,0
0,0,0,0,0,0,0,0
0,0,0,0,0,0,1,0
0,0,0,0,0,0,0,0
0,0,0,0,0,0,0,0
0,0,0,0,0,0,0,0
0,0,0,0,0,0,0,0
0,0,0,0,0,0,0,0
0,0,0,1,0,0,0,0
0,0,0,2,0,0,0,0
0,0,0,0,0,0,0,0
0,0,0,0,0,0,0,0
0,0,0,0,1,0,0,0
0,0,1,0,0,0,0,0
0,0,0,0,0,0,0,0
0,0,0,0,1,0,0,0
0,0,0,0,0,0,0,0
0,0,0,0,0,0,0,0
0,0,0,0,0,0,0,0
0,0,0,0,0,0,0,0
0,0,0,0,0,0,0,0
0,0,0,0,0,0,0,0
0,0,0,0,0,0,0,0
0,0,0,0,0,0,0,0
0,0,0,1,0,0,0,0
0,0,0,0,0,0,0,0
0,0,0,0,2,0,1,0
0,0,0,0,0,0,0,0
0,0,0,0,0,0,0,0
1,0,0,0,0,0,0,0
0,0,0,0,0,0,0,0
0,0,0,1,0,0,0,0
0,0,0,0,0,0,0,0
0,0,0,0,0,0,0,0
0,0,0,0,0,0,0,0
0,0,0,0,0,0,0,0
0,1,0,0,1,0,0,0
0,0,0,0,0,0,0,0
0,0,0,0,0,0,0,0
0,0,0,0,0,1,0,0
0,0,0,0,0,0,0,0
0,0,0,0,0,0,0,0
0,0,0,0,0,0,0,0
0,0,0,0,0,0,0,0
0,0,0,0,0,0,0,0
0,0,0,0,0,0,0,0
0,0,0,0,0,0,0,0
0,0,0,0,0,0,0,0
0,0,0,0,0,0,0,0
0,0,0,0,0,0,0,1
0,0,0,0,0,0,0,0
0,0,0,0,0,0,0,0
0,0,0,0,0,0,0,0
0,0,0,0,0,0,0,0
0,0,0,0,0,0,0,0
0,0,0,0,0,0,0,0
0,0,0,0,0,0,0,0
0,0,0,0,0,0,0,0
0,0,0,0,0,0,0,0
0,0,0,0,0,0,0,0
0,0,0,0,0,0,0,0
0,0,0,0,0,0,0,0
0,0,0,0,0,0,0,0
0,0,0,0,0,0,0,0
0,0,0,0,0,0,0,0
0,0,0,0,0,0,0,0
0,0,0,0,0,0,0,0
0,0,0,0,0,0,0,0
0,0,0,0,0,0,0,0
0,0,0,0,0,0,0,0
0,0,0,0,0,0,0,0
0,0,0,0,0,0,0,0
0,0,0,0,0,0,0,0
0,0,0,0,0,0,0,0
0,0,0,0,0,0,0,0
0,0,0,0,0,0,0,0
0,0,0,0,0,0,0,0
0,0,0,0,0,0,0,0
0,0,1,0,0,0,0,0
0,0,0,0,0,0,0,0
0,0,0,0,0,0,0,0
0,0,0,0,1,0,0,0
0,0,0,0,0,0,0,0
0,0,0,0,0,0,0,0
0,0,0,0,0,0,0,0
0,0,0,0,0,0,0,0
0,0,0,0,0,0,0,0
0,0,0,0,0,0,0,0
0,0,0,0,0,0,0,0
0,0,0,0,0,0,0,0
0,0,0,0,1,0,0,0
0,0,0,0,0,0,0,0
0,0,0,0,0,0,0,0
0,0,0,0,0,0,0,0
0,0,0,0,0,0,0,0
0,0,0,0,0,1,0,0
0,0,0,0,0,0,0,0
0,0,0,0,0,0,0,0
0,0,0,0,0,0,0,0
0,0,0,0,0,0,0,0
0,0,0,0,0,0,0,0
0,0,0,0,0,0,0,0
0,0,0,0,0,0,0,0
0,0,0,0,0,0,0,0
0,0,0,0,0,0,0,0
0,0,0,0,0,0,0,0
0,0,0,0,0,0,0,0
0,0,0,0,0,0,0,0
0,0,0,0,0,0,0,0
0,0,0,0,0,0,0,0
0,0,0,0,0,0,0,0
0,0,0,0,0,0,0,0
0,0,0,0,0,0,0,0
0,0,0,0,0,0,0,0
0,0,0,0,0,0,0,0
0,0,0,0,0,0,0,0
0,0,0,0,0,0,0,0
0,0,0,0,1,0,0,0
0,0,0,0,0,0,0,0
0,0,0,0,0,0,0,0
0,0,0,0,0,0,0,0
0,0,0,0,0,0,0,0
0,0,0,0,0,0,0,0
0,0,0,0,0,0,1,0
0,0,0,0,0,0,0,0
0,0,0,0,0,0,0,0
0,0,0,0,0,0,0,0
0,0,0,0,0,0,0,0
0,0,0,0,0,0,0,0
0,0,0,0,0,0,0,0
0,0,0,0,0,0,0,0
0,0,0,0,0,0,0,0
1,0,0,0,0,0,0,0
0,0,0,0,0,0,0,0
0,0,0,0,0,0,0,0
0,0,0,0,0,0,0,0
