SpectrumName : 175_Torr.SPC
XUnit        : 
YUnit        : 
Length       : 2048
SubSpcNum    : 1
StartSubSpc  : 0
StopSubSpc   : 0
Comment      : 
Realtime     : 602.684
Livetime     : 600.000
Deadtime     : 2.684
Starttime    : 30.01.2023 11:59:33
Stoptime     : 30.01.2023 12:09:36
CalibCoeff   : a=0.000000000E+000 b=0.000000000E+000 c=0.000000000E+000 d=0.000000000E+000
SpectrumText : 0 
234,242,230,228,239,207,216,208
207,193,207,191,207,214,180,208
171,188,174,191,187,172,173,155
181,171,180,156,168,151,157,177
139,167,189,158,145,161,170,141
163,140,153,173,168,146,177,172
153,165,164,161,195,192,184,195
181,179,179,208,198,207,206,223
185,221,210,175,214,213,208,200
192,205,214,200,209,182,215,221
185,214,223,202,222,229,224,197
204,233,217,217,213,223,232,231
197,247,220,191,232,190,195,225
217,220,216,238,216,205,241,197
198,211,225,194,196,187,173,180
197,191,196,173,171,153,185,168
156,135,148,160,150,114,129,118
121,117,119,97,109,113,108,106
102,102,100,117,116,92,81,100
71,68,87,75,66,83,80,58
62,72,62,56,47,64,43,30
47,48,45,44,37,35,40,38
44,41,29,28,32,29,35,38
21,21,27,32,27,18,15,16
24,15,15,18,12,17,12,15
10,14,12,13,13,13,11,9
3,12,8,12,13,11,7,5
11,12,10,5,11,5,4,9
9,6,5,9,5,6,4,3
5,9,6,4,6,4,6,4
1,6,3,1,5,4,4,1
6,2,5,10,4,2,3,3
3,2,3,3,8,7,4,2
7,5,3,1,6,6,4,5
2,5,6,4,9,2,6,2
7,5,4,4,4,6,5,6
3,5,2,5,8,5,9,1
7,5,11,4,3,3,3,6
8,9,1,4,4,5,2,4
4,6,7,9,3,8,6,4
9,4,5,5,3,6,5,5
7,7,13,8,12,10,12,8
11,8,4,4,8,6,7,5
3,6,6,4,10,5,6,3
6,8,6,8,8,5,13,7
11,6,14,11,6,10,4,16
11,11,11,13,11,11,9,12
13,9,8,13,7,7,13,10
9,14,13,11,12,14,17,16
20,9,11,16,11,18,11,22
18,13,18,19,6,13,22,14
13,20,12,24,17,19,24,20
22,19,18,19,18,19,9,28
24,19,32,24,19,18,27,23
22,31,22,34,44,33,38,25
28,41,37,38,38,38,41,36
46,44,51,35,54,38,51,44
66,52,52,58,49,58,60,63
63,66,89,71,77,75,80,76
79,95,65,80,96,86,99,98
104,90,109,107,106,95,109,115
119,119,132,106,129,139,109,142
130,138,128,151,144,155,159,140
156,180,153,194,169,168,174,193
187,176,186,203,176,192,187,178
180,189,204,176,205,201,186,213
198,205,224,226,210,205,205,189
210,197,200,202,203,197,206,215
189,192,203,209,219,173,191,210
184,198,190,190,194,205,169,174
194,188,173,190,160,160,156,159
166,155,158,173,157,143,126,116
145,128,140,141,119,124,100,112
110,93,101,112,99,103,103,104
85,75,81,90,79,61,74,103
75,74,48,72,69,82,56,60
43,55,50,50,53,47,42,42
38,32,43,35,29,33,32,39
32,23,36,22,29,20,22,22
14,25,24,20,15,12,9,21
17,11,11,8,14,9,7,9
4,10,5,7,9,8,6,7
4,8,4,5,7,9,7,2
4,5,0,2,5,4,2,5
6,0,3,3,3,1,3,3
3,5,1,3,3,0,1,1
2,0,1,0,0,0,1,0
1,0,0,0,1,0,1,0
0,1,0,0,0,0,0,0
0,0,0,0,0,0,0,0
0,0,0,0,0,0,1,0
1,0,0,0,0,0,0,0
0,0,0,0,0,0,0,0
0,0,0,0,0,0,0,0
0,0,0,0,0,1,0,0
0,0,0,0,0,0,0,0
0,0,0,0,0,1,0,0
0,0,0,0,0,0,0,0
0,0,0,0,0,0,0,0
0,0,0,0,0,0,0,0
0,0,0,0,0,0,0,0
0,0,1,0,1,0,0,0
0,0,0,0,0,0,0,0
0,0,0,0,0,0,0,0
0,0,0,1,0,0,0,0
0,0,0,0,0,0,1,0
0,0,0,0,0,0,1,0
0,0,0,1,0,0,0,0
0,1,0,0,0,0,0,0
0,1,0,0,0,0,1,0
0,0,0,0,0,0,1,1
0,0,0,0,0,0,0,0
0,0,0,0,0,0,0,0
0,0,0,0,0,0,1,0
0,0,0,0,0,0,0,0
0,0,0,0,0,1,0,0
0,0,0,0,0,0,0,0
0,0,0,0,0,0,0,0
0,0,0,0,0,0,0,0
0,0,0,0,0,0,0,0
0,0,0,0,0,0,0,0
0,0,0,0,0,0,1,0
0,0,0,0,0,0,0,0
0,0,0,0,0,0,0,0
0,0,0,0,0,0,1,0
0,0,0,0,0,0,0,0
0,0,0,0,0,0,0,0
0,0,0,0,0,0,0,0
0,0,0,1,0,0,0,0
0,0,0,0,0,0,0,0
0,0,0,0,0,0,0,0
0,0,0,0,0,0,0,0
0,0,0,0,1,0,0,0
0,0,0,0,1,0,0,0
0,0,0,0,0,0,0,0
0,0,0,0,0,0,0,0
0,0,0,0,0,0,0,0
0,0,0,0,0,0,0,0
0,0,0,0,0,0,0,0
0,0,0,0,0,0,0,0
0,0,0,0,0,1,0,0
0,0,0,0,0,0,0,0
0,0,0,0,0,0,1,0
0,0,0,0,0,0,0,0
0,0,0,0,0,0,0,0
0,0,0,0,0,0,0,0
0,0,0,0,0,0,0,0
0,0,0,0,0,0,0,0
0,0,0,0,0,0,0,0
0,0,0,0,0,0,0,1
0,0,0,0,0,0,0,0
0,0,0,0,0,0,0,0
0,0,0,0,0,0,0,0
0,0,0,0,0,0,0,0
0,0,0,0,0,0,0,0
0,0,0,0,0,0,0,0
0,0,0,1,0,0,0,0
0,0,0,1,0,0,0,0
0,0,0,0,0,0,0,0
0,0,0,0,0,0,0,0
0,0,0,0,0,0,0,0
0,0,0,0,0,0,0,0
0,0,0,0,0,0,0,0
0,0,0,0,0,0,1,0
0,0,0,0,0,0,0,0
0,0,0,0,0,0,0,0
0,0,0,0,0,0,0,0
0,0,0,0,0,0,0,0
0,0,0,0,0,0,0,0
0,0,0,0,0,0,0,0
0,0,0,0,0,0,0,0
0,0,0,0,0,0,0,0
0,0,0,0,0,0,0,0
0,0,0,0,0,0,0,0
0,0,0,0,0,0,0,0
0,0,0,0,0,0,0,0
0,0,0,0,0,0,0,0
0,0,0,0,0,0,0,0
0,0,0,0,0,0,0,0
0,0,0,0,0,0,0,1
0,0,0,0,0,0,0,0
1,0,0,0,0,0,0,0
0,0,0,0,0,0,0,0
0,0,0,0,0,0,0,0
0,0,0,0,0,0,0,0
0,0,0,0,0,0,0,0
0,0,0,0,0,0,0,0
0,0,0,0,0,0,1,0
0,0,0,0,0,0,0,0
0,0,0,0,0,0,0,0
0,0,0,0,0,0,0,0
0,0,0,0,0,0,0,0
0,0,0,0,0,0,0,0
0,0,0,0,0,0,0,0
0,0,0,0,0,0,0,0
0,0,0,0,0,0,0,0
0,0,0,0,0,0,0,0
0,0,0,0,0,0,0,0
0,0,0,0,0,0,0,0
0,0,0,0,0,0,0,0
0,0,0,0,0,0,0,0
0,0,0,0,0,0,0,0
0,0,0,0,0,0,0,0
0,0,0,0,0,0,0,0
0,0,0,0,0,0,0,0
0,0,0,0,0,0,0,0
0,0,0,0,0,0,0,0
0,0,0,0,0,0,0,0
0,0,0,0,0,0,0,0
0,0,0,0,0,0,0,0
0,0,0,0,0,0,0,0
0,0,0,0,0,0,0,0
0,0,0,0,0,0,0,0
0,0,0,0,0,0,0,0
0,0,0,0,0,0,0,0
0,0,0,0,0,0,0,0
0,0,0,0,0,0,0,0
0,0,0,0,0,0,0,0
0,0,0,0,0,0,0,0
0,0,0,0,0,0,0,0
0,0,0,0,0,0,0,0
0,0,0,0,0,0,0,0
0,0,0,0,0,0,0,0
0,0,0,0,0,0,0,0
0,0,0,0,0,0,0,0
0,0,0,0,0,0,0,0
0,0,0,0,0,0,0,0
0,0,0,0,0,0,0,0
0,0,0,0,0,0,0,0
0,0,0,0,0,0,0,0
0,0,0,0,0,0,0,0
0,0,0,0,0,0,0,0
0,0,0,0,0,0,0,0
0,0,0,0,0,0,0,0
0,0,0,0,0,0,0,0
0,0,0,0,0,0,0,0
0,0,0,0,0,0,0,0
0,0,0,0,0,0,0,0
0,0,0,0,0,0,0,0
0,0,0,0,0,0,0,0
0,0,0,0,0,0,0,0
0,0,0,0,0,0,0,0
0,0,0,0,0,0,0,0
0,0,0,0,0,0,0,0
0,0,0,0,0,0,0,0
0,0,0,0,0,0,0,0
0,0,0,0,0,0,0,0
0,0,0,0,0,0,0,0
0,0,0,0,0,0,0,0
0,0,0,0,0,0,0,0
0,0,0,0,0,0,0,0
0,0,0,0,0,0,0,0
0,0,0,0,0,0,0,0
0,0,0,0,0,0,0,0
0,0,0,0,0,0,0,0
0,0,0,0,0,0,0,0
