SpectrumName : 200_Torr.SPC
XUnit        : 
YUnit        : 
Length       : 2048
SubSpcNum    : 1
StartSubSpc  : 0
StopSubSpc   : 0
Comment      : 
Realtime     : 602.588
Livetime     : 600.000
Deadtime     : 2.588
Starttime    : 30.01.2023 10:18:59
Stoptime     : 30.01.2023 10:29:02
CalibCoeff   : a=0.000000000E+000 b=0.000000000E+000 c=0.000000000E+000 d=0.000000000E+000
SpectrumText : 0 
187,176,155,176,172,165,180,190
181,162,180,145,190,166,158,151
134,153,168,135,137,144,150,128
137,150,135,162,139,117,164,131
148,138,125,137,121,135,141,152
153,127,138,140,136,140,153,133
131,134,140,158,168,126,174,140
159,166,153,153,144,166,157,153
160,145,167,191,172,163,175,166
183,173,167,173,183,196,174,190
183,173,196,156,201,173,190,196
194,188,193,155,192,196,195,199
182,205,205,192,168,177,211,195
191,194,174,182,187,212,166,206
194,175,191,184,209,163,182,196
179,194,159,175,171,158,163,157
161,158,154,151,145,139,159,148
137,132,154,141,130,136,150,116
130,119,117,112,133,120,109,108
111,126,110,125,99,86,96,99
83,114,87,93,80,95,85,70
79,66,75,75,68,74,67,65
58,59,55,47,58,59,60,39
50,51,51,39,40,41,46,42
25,40,33,36,29,29,31,34
35,29,25,27,24,25,28,23
30,19,22,23,27,14,19,17
11,20,14,13,21,10,12,12
12,14,12,14,12,15,10,8
13,13,10,5,10,6,8,10
5,10,5,6,8,6,5,7
6,4,5,6,9,5,8,8
3,2,11,7,3,2,3,3
1,5,6,0,10,2,5,4
3,5,7,2,5,7,3,7
4,3,5,7,3,3,2,7
5,4,3,6,6,5,3,3
5,2,3,3,3,2,4,5
0,1,2,3,3,3,1,4
7,8,1,9,1,4,5,2
5,3,6,3,4,7,2,4
0,3,4,6,11,2,1,3
2,1,4,2,3,6,4,7
7,7,6,2,2,5,9,4
5,6,4,5,5,5,10,4
2,2,6,3,6,5,6,4
8,5,2,5,4,7,5,6
4,2,5,6,6,5,7,7
2,8,4,7,8,3,4,3
5,12,8,5,7,4,9,3
4,5,9,6,0,2,5,7
12,4,6,7,12,4,8,12
12,6,6,8,13,5,9,10
7,3,11,9,8,4,5,11
9,12,13,11,8,11,12,8
8,7,5,14,12,12,8,12
7,8,17,13,11,12,12,10
14,7,13,10,13,9,14,8
12,11,21,17,12,15,16,19
17,17,12,16,9,18,14,14
18,13,15,19,19,17,21,19
19,29,25,30,20,25,20,25
37,15,28,29,19,24,16,29
38,25,28,30,25,29,44,38
17,32,30,37,39,38,40,34
40,38,30,31,36,49,39,45
45,47,55,69,66,59,64,56
62,66,57,63,66,60,64,86
70,72,76,69,78,79,71,72
68,80,66,78,103,81,94,95
107,93,109,100,95,121,109,141
108,125,134,119,125,126,131,127
120,133,140,148,138,151,148,147
124,145,161,157,128,144,154,195
171,154,148,173,175,166,176,143
179,150,178,191,166,172,193,162
171,165,190,169,194,172,184,149
190,164,182,197,192,181,176,192
178,199,187,170,193,172,170,184
154,188,167,158,169,169,177,166
152,169,163,139,156,151,148,174
161,156,141,138,121,155,126,141
113,114,133,141,137,139,106,130
116,120,121,123,104,110,99,95
89,88,102,88,91,86,92,82
98,81,60,74,75,79,71,66
75,65,62,55,61,71,63,46
64,51,43,45,52,36,42,42
47,36,43,34,33,37,24,36
34,28,25,30,25,18,22,22
19,19,23,21,24,14,17,19
14,14,17,3,17,13,17,12
18,8,12,11,17,6,12,7
4,6,9,2,9,9,6,8
4,5,10,2,4,7,8,5
3,4,1,5,3,8,4,1
4,3,3,3,3,1,1,1
3,2,0,2,1,2,1,3
2,0,1,1,1,0,1,1
1,0,0,1,3,2,3,1
1,0,0,0,1,1,0,0
2,1,1,1,1,0,0,1
0,0,1,0,0,0,0,0
0,0,0,1,0,1,0,0
0,0,0,0,0,0,0,0
0,0,0,1,0,0,0,0
0,0,0,0,0,0,0,0
0,0,0,0,0,0,0,0
0,0,0,0,0,0,0,0
0,0,0,0,0,1,0,0
0,0,0,0,0,0,0,0
0,0,0,0,0,0,0,0
0,0,0,0,0,0,0,0
0,0,0,0,0,0,0,0
0,0,0,0,0,0,0,0
0,0,0,0,0,0,0,0
0,0,0,0,0,0,0,0
0,0,0,0,0,0,0,0
0,0,0,0,0,0,0,0
0,0,0,0,0,0,0,0
0,0,0,0,0,0,0,0
0,0,0,1,0,0,0,0
0,0,0,0,0,0,0,0
0,0,0,0,0,0,0,0
0,0,0,0,0,0,0,0
0,0,0,0,0,0,0,0
0,0,0,0,0,0,0,0
0,0,0,0,0,0,0,0
0,0,0,0,0,1,0,0
0,0,0,0,1,0,0,0
0,0,0,0,0,0,0,0
0,0,0,0,0,0,0,0
0,0,0,1,0,0,0,0
0,0,0,0,0,0,0,0
0,0,0,0,0,0,0,0
0,0,0,0,0,0,0,0
0,0,0,0,0,0,0,0
0,0,0,0,0,0,0,0
0,0,0,0,0,0,0,0
0,0,0,0,0,0,0,1
0,0,0,0,0,0,0,1
0,0,0,0,0,0,0,0
0,0,1,0,0,0,0,0
1,0,0,1,0,0,0,0
0,0,0,0,0,0,0,0
0,0,0,0,0,0,0,0
0,0,0,0,0,0,0,0
0,0,0,0,0,0,0,0
0,0,0,0,0,0,0,0
0,0,0,0,0,0,0,0
0,0,0,0,0,0,0,0
0,0,0,0,0,0,0,0
0,0,0,0,0,0,0,0
0,0,0,0,0,0,0,0
0,0,0,0,0,0,0,0
0,0,0,0,0,0,0,0
0,0,0,0,0,0,0,0
0,0,0,0,0,0,0,0
0,0,0,0,0,0,0,0
0,0,0,0,0,0,0,0
0,0,0,0,0,0,0,0
0,0,0,0,0,0,0,0
0,0,0,0,0,0,0,0
0,0,0,0,0,0,0,0
0,0,0,0,0,0,0,0
0,0,0,0,0,0,0,0
0,0,0,0,0,0,1,0
0,0,0,0,0,0,0,0
0,0,0,0,0,1,0,0
0,0,0,0,0,0,0,0
0,0,0,0,0,0,0,0
0,0,0,0,0,0,0,0
0,0,0,0,0,0,0,1
0,0,0,0,0,0,0,0
0,0,0,0,0,0,0,0
0,0,0,0,0,0,0,0
0,0,0,0,0,0,0,0
0,0,0,0,0,0,0,0
0,0,0,0,0,0,0,0
0,0,0,1,0,0,0,0
0,0,0,0,0,0,0,1
0,0,0,0,0,0,0,0
0,0,0,0,0,0,0,0
0,0,0,0,0,0,0,0
0,0,0,1,0,0,1,0
0,0,0,0,0,0,1,0
0,0,0,0,0,0,0,0
0,0,0,0,0,0,0,0
0,0,0,0,0,0,0,0
0,0,0,0,0,0,0,0
0,0,0,0,0,0,0,0
0,0,0,0,0,0,0,0
0,0,0,0,0,0,0,0
0,0,0,0,0,0,0,0
0,1,0,0,0,0,0,0
0,0,0,0,0,0,0,0
0,0,1,0,0,0,0,0
0,0,0,0,0,0,0,0
0,0,0,0,0,0,0,0
0,0,0,0,0,0,0,0
0,0,0,0,0,0,0,0
0,0,0,0,0,0,0,0
0,0,0,0,0,1,0,0
0,0,0,0,0,0,0,0
0,0,0,0,0,0,0,0
0,0,0,0,0,0,0,0
0,0,0,0,0,0,0,0
0,0,0,0,0,0,0,0
0,0,0,0,0,0,0,0
0,0,0,0,0,0,0,0
0,0,0,0,0,0,0,0
0,0,0,0,0,0,0,0
0,0,0,0,0,0,0,0
0,0,0,0,0,0,0,0
0,0,0,0,0,0,0,0
0,0,0,0,0,0,0,0
0,0,0,0,0,0,0,0
0,0,0,0,0,0,0,0
0,0,0,0,0,0,0,0
0,0,0,0,0,0,0,0
0,0,0,0,0,0,0,0
0,0,0,0,0,0,0,0
0,0,0,0,0,0,0,0
0,0,0,0,0,0,0,0
0,0,0,0,0,0,0,0
0,0,0,0,0,0,0,0
0,0,0,0,0,0,0,0
0,0,0,0,0,0,0,0
0,0,0,0,0,0,0,0
0,0,0,0,0,0,0,0
0,0,0,0,0,0,0,0
0,0,0,0,0,0,0,0
0,0,0,0,0,0,0,0
0,0,0,0,0,0,0,0
0,0,0,0,0,0,0,0
0,0,0,0,0,0,0,0
0,0,0,0,0,0,0,0
0,0,0,0,0,0,0,0
0,0,0,0,0,0,0,0
0,0,0,0,0,0,0,0
0,0,0,0,0,0,0,0
0,0,0,0,0,0,0,0
0,0,0,0,0,0,1,0
0,0,0,0,0,0,0,0
0,0,0,0,0,0,0,0
0,0,0,0,0,0,0,0
0,0,0,0,0,0,0,0
0,0,0,0,0,0,0,0
0,0,0,0,0,0,0,0
0,0,0,0,0,0,0,0
0,0,0,0,0,0,0,0
0,0,0,0,0,0,0,0
0,0,0,0,0,0,0,0
0,0,0,0,1,0,0,0
0,0,0,0,0,0,0,0
0,0,0,0,0,0,0,0
