SpectrumName : 250_Torr.SPC
XUnit        : 
YUnit        : 
Length       : 2048
SubSpcNum    : 1
StartSubSpc  : 0
StopSubSpc   : 0
Comment      : 
Realtime     : 602.280
Livetime     : 600.000
Deadtime     : 2.280
Starttime    : 30.01.2023 10:34:34
Stoptime     : 30.01.2023 10:44:37
CalibCoeff   : a=0.000000000E+000 b=0.000000000E+000 c=0.000000000E+000 d=0.000000000E+000
SpectrumText : 0 
131,139,132,123,123,124,118,98
129,98,125,99,95,102,105,78
99,70,82,83,78,90,71,62
84,72,72,64,69,63,52,57
72,60,77,44,47,61,46,37
46,46,43,31,46,47,39,40
35,47,29,26,35,32,36,23
28,20,27,25,18,30,21,22
28,27,21,22,15,11,20,13
14,11,12,13,11,16,15,19
10,9,11,7,7,17,9,9
15,7,9,7,11,8,11,4
6,10,6,9,11,9,5,3
6,6,7,3,8,9,7,5
5,2,3,5,5,4,2,2
10,2,4,6,5,3,5,8
5,4,3,6,5,2,1,1
5,8,4,3,2,9,7,2
1,3,6,2,3,1,3,4
2,4,0,3,2,6,3,3
2,6,3,2,3,5,4,4
3,2,0,9,5,3,5,4
5,1,2,3,4,3,2,2
3,5,0,5,7,2,5,5
4,3,7,5,3,5,6,6
6,7,1,4,6,4,3,3
5,7,10,8,5,5,5,5
4,2,3,9,6,4,3,2
3,2,5,6,6,6,8,5
8,6,4,6,2,5,5,6
4,4,11,4,7,15,4,9
6,10,6,8,4,4,14,7
4,8,7,7,7,6,9,6
7,5,3,12,7,10,7,7
6,8,12,10,12,11,14,5
7,6,4,14,6,5,7,10
9,9,4,9,9,7,12,13
10,12,12,7,13,11,9,13
10,12,12,11,15,7,16,12
9,11,8,11,14,15,9,19
12,8,21,14,11,16,11,21
16,24,10,19,10,16,18,14
14,20,18,21,29,11,19,17
18,19,26,25,24,31,26,25
17,32,32,24,26,24,24,28
32,37,34,31,34,28,35,35
47,40,30,37,41,46,45,52
30,45,43,41,42,57,45,44
55,51,47,58,64,52,50,55
64,65,70,57,58,61,82,82
76,79,86,75,93,87,89,82
93,92,107,89,95,91,117,97
113,109,140,137,121,111,119,113
118,130,140,133,132,145,155,147
149,136,140,145,139,135,166,131
169,159,160,153,184,178,184,161
165,177,181,148,179,162,165,181
206,191,187,193,171,162,181,183
183,200,174,191,185,180,179,197
196,185,158,203,190,180,188,163
163,162,192,187,176,162,168,161
163,165,151,179,175,179,150,160
163,163,172,143,155,139,134,156
136,136,146,142,141,132,143,131
129,119,123,126,125,126,100,119
104,103,115,92,75,106,93,88
90,87,83,77,96,71,90,78
64,76,85,73,58,80,60,69
58,67,50,41,45,50,53,45
45,46,47,40,28,36,40,28
34,42,30,36,37,28,26,23
26,25,25,28,29,28,15,14
19,14,11,12,20,12,16,17
12,11,15,16,7,9,15,8
8,4,7,5,9,12,4,5
9,4,4,1,6,5,4,3
4,7,9,3,0,1,7,2
1,5,4,5,2,0,3,5
1,2,2,1,2,2,1,0
3,1,2,0,3,3,3,0
2,0,0,2,0,0,0,0
0,0,0,1,0,1,0,2
2,0,0,0,0,2,1,0
0,0,0,0,0,0,0,0
1,0,0,0,0,0,0,0
0,0,0,0,0,0,0,0
0,0,0,0,1,0,0,0
0,0,0,1,0,0,0,0
0,0,0,0,0,0,0,0
0,0,0,0,0,0,0,0
0,0,0,0,0,0,0,0
0,0,0,0,0,0,0,0
0,0,0,0,0,0,0,0
0,0,0,0,0,0,0,0
0,0,0,0,0,0,0,0
0,1,0,0,0,0,0,0
0,0,0,0,0,0,0,0
0,0,0,1,0,0,0,0
0,0,0,0,0,0,0,0
0,0,0,0,0,0,0,0
0,0,0,0,0,0,0,0
0,0,0,0,0,0,0,0
0,0,0,0,0,0,0,0
0,0,0,0,0,0,0,0
1,0,0,0,0,0,0,0
0,0,0,0,0,0,0,0
0,0,0,0,0,0,0,0
0,0,0,0,0,0,0,0
0,0,0,0,0,0,0,0
0,0,0,0,0,0,0,1
0,0,0,0,0,0,0,0
0,0,0,0,0,0,0,0
0,0,0,0,0,2,0,0
0,0,0,0,0,0,0,0
0,0,0,0,0,0,0,0
0,0,0,0,0,0,0,0
0,0,0,0,0,0,0,0
0,0,0,0,0,0,0,0
0,0,0,0,0,0,0,0
0,0,0,0,0,0,0,0
0,1,0,0,0,0,0,0
0,0,0,0,0,0,0,0
0,0,0,0,0,0,0,0
0,1,0,0,0,0,0,0
0,0,0,0,0,0,0,0
0,0,0,1,0,0,0,0
0,0,0,0,0,0,0,0
0,0,0,0,0,0,0,0
0,0,0,0,0,0,0,0
0,0,0,0,0,0,0,0
0,0,0,0,0,0,0,0
0,0,0,0,0,0,0,0
0,0,1,0,0,0,0,0
0,0,0,0,0,0,0,0
0,0,0,0,0,0,0,0
0,0,0,0,0,0,0,1
0,0,0,0,0,0,0,0
0,0,0,0,0,0,0,0
0,0,0,0,0,0,0,0
0,0,0,0,0,0,0,0
0,0,0,0,0,0,0,0
0,0,0,0,0,0,0,0
0,0,0,0,0,0,0,0
0,0,0,0,0,0,0,0
0,0,0,0,0,0,0,0
0,0,0,0,0,0,0,0
0,0,0,0,0,0,0,0
0,0,0,0,0,0,0,0
0,0,0,0,0,0,0,0
0,0,0,0,0,0,0,0
0,0,0,0,0,0,0,0
0,0,0,0,0,0,0,0
0,0,1,0,0,0,0,0
0,0,0,0,0,0,0,0
0,0,0,0,0,0,0,0
0,0,0,0,0,0,0,0
0,0,0,0,0,0,0,0
0,0,0,0,0,0,0,0
0,0,0,0,0,0,0,0
0,0,0,0,0,0,0,0
0,0,0,0,0,0,0,0
0,0,0,0,0,0,0,0
0,0,0,0,0,0,0,0
0,0,0,0,0,0,0,0
0,0,0,0,0,0,0,0
0,0,0,0,0,0,0,0
0,0,0,0,0,0,0,0
0,0,0,0,0,0,0,0
0,0,0,0,0,0,0,0
0,0,0,0,0,0,0,1
0,0,0,0,0,0,0,0
0,0,0,0,0,0,0,0
0,0,0,0,0,0,0,0
0,0,0,0,0,0,0,0
0,0,0,0,0,0,0,0
0,0,0,0,0,0,0,0
0,0,0,0,0,0,0,0
0,0,0,0,0,0,0,0
0,0,0,0,0,0,0,0
0,0,0,0,0,0,0,0
0,0,0,0,0,0,0,0
0,0,0,0,0,0,0,0
0,0,0,0,0,0,0,0
0,0,0,0,0,0,0,0
0,0,0,0,0,0,0,0
0,0,0,0,0,0,0,0
0,0,0,0,0,0,0,0
0,0,0,0,0,0,0,0
0,0,0,0,0,0,0,0
0,0,0,0,0,0,0,0
0,0,0,0,0,0,0,0
0,0,0,0,0,0,0,0
0,0,0,0,0,0,0,0
0,0,0,0,0,0,0,0
0,0,0,0,0,0,0,0
0,0,0,0,0,0,0,0
0,0,0,0,0,0,0,0
0,0,0,0,0,0,0,0
0,0,0,0,0,0,0,0
0,0,0,0,0,0,0,0
0,0,0,0,0,0,0,0
0,0,0,0,0,0,0,0
0,0,0,0,0,0,0,0
0,0,0,0,0,0,0,0
0,0,0,0,0,0,0,0
0,0,0,0,0,0,0,0
0,0,0,0,0,0,0,0
0,0,0,0,0,0,0,0
0,0,0,0,0,0,0,0
0,0,0,0,0,0,0,0
0,0,0,0,0,0,0,0
0,0,0,0,0,0,0,0
0,0,0,0,0,0,0,0
0,0,0,0,0,0,0,0
0,0,0,0,0,0,0,0
0,0,0,0,0,0,0,0
0,0,0,0,0,0,0,0
0,0,0,0,0,0,0,0
0,0,0,0,0,0,0,0
0,0,0,0,0,0,0,0
0,0,0,0,0,0,0,0
0,0,0,0,0,0,0,0
0,0,0,0,0,0,0,0
0,0,0,0,0,0,0,0
0,0,0,0,0,0,0,0
0,0,0,0,0,0,0,0
0,0,0,0,0,0,0,0
0,0,0,0,0,0,0,0
0,0,0,0,0,0,0,0
0,0,0,0,0,0,0,0
0,0,0,0,0,0,0,0
0,0,0,0,0,0,0,0
0,0,0,0,0,0,0,0
0,0,0,0,0,0,0,0
0,0,0,0,0,0,0,0
0,0,0,0,0,0,0,0
0,0,0,0,0,0,0,0
0,0,0,0,0,0,0,0
0,0,0,0,0,0,0,0
0,0,0,0,0,0,0,0
0,0,0,0,0,0,0,0
0,0,0,0,0,0,0,0
0,0,0,0,0,0,0,0
0,0,0,0,0,0,0,0
0,0,0,0,0,0,0,0
0,0,0,0,0,0,0,0
0,0,0,0,0,0,0,0
0,0,0,0,0,0,0,0
0,0,0,0,0,0,0,0
0,0,0,0,0,0,0,0
0,0,0,0,0,0,0,0
0,0,0,0,0,0,0,0
0,0,0,0,0,0,0,0
0,0,0,0,0,0,0,0
0,0,0,0,0,0,0,0
0,0,0,0,0,0,0,0
