SpectrumName : 55_Torr.SPC
XUnit        : 
YUnit        : 
Length       : 2048
SubSpcNum    : 1
StartSubSpc  : 0
StopSubSpc   : 0
Comment      : 
Realtime     : 602.788
Livetime     : 600.000
Deadtime     : 2.788
Starttime    : 30.01.2023 09:42:45
Stoptime     : 30.01.2023 09:52:48
CalibCoeff   : a=0.000000000E+000 b=0.000000000E+000 c=0.000000000E+000 d=0.000000000E+000
SpectrumText : 0 
21,19,14,17,17,19,21,21
17,19,18,27,19,22,18,29
15,18,24,19,20,13,25,18
31,16,17,24,31,24,29,16
28,23,19,19,23,27,19,33
24,24,28,26,25,27,24,23
16,28,25,27,25,27,28,22
34,31,31,24,34,35,25,42
27,35,34,41,47,28,39,32
35,44,41,45,50,45,40,46
51,37,37,51,55,48,35,43
61,40,36,44,51,47,65,66
65,50,67,79,69,61,60,57
44,76,70,76,71,95,83,72
85,79,71,91,89,100,77,84
96,73,83,81,118,96,90,105
105,101,108,122,116,125,104,113
112,109,129,134,146,130,137,141
149,151,145,118,142,156,147,159
151,148,174,162,143,162,164,175
156,196,170,186,150,192,186,217
175,176,204,199,198,175,186,192
182,212,186,207,206,206,199,220
219,215,211,213,199,218,197,215
210,230,199,199,232,200,225,219
225,215,191,196,221,213,197,212
220,238,196,192,209,196,196,199
207,204,215,216,201,186,179,204
204,170,155,186,157,184,158,151
163,179,164,173,176,184,195,172
207,167,192,174,172,156,177,196
182,175,156,160,163,150,160,165
183,169,186,170,166,174,155,187
167,180,159,178,168,172,202,167
167,171,183,173,162,168,181,167
168,187,190,175,206,202,180,219
207,171,172,202,192,206,226,215
219,207,209,201,211,203,206,245
232,261,256,246,259,258,255,238
248,264,212,244,265,279,268,268
258,255,273,278,255,283,259,301
267,291,290,305,294,303,301,326
309,295,283,308,295,311,286,321
302,312,321,288,316,292,320,318
282,326,323,297,342,316,332,326
327,340,297,312,368,304,306,293
295,324,313,294,341,307,311,313
290,283,317,297,293,303,293,268
279,279,273,259,289,271,261,298
272,260,276,256,277,243,273,267
265,255,232,250,269,248,236,228
233,236,213,201,229,214,214,217
219,232,227,202,190,195,172,198
193,202,192,179,171,194,172,160
194,174,172,154,162,175,158,184
156,151,148,177,141,169,152,152
156,163,164,151,152,145,157,113
158,161,141,143,134,142,154,138
155,137,120,139,144,147,151,140
158,146,167,125,170,161,149,168
164,163,143,160,166,175,147,158
161,159,175,181,151,163,173,178
177,170,161,171,153,202,192,185
160,176,150,204,173,188,175,143
197,163,183,202,193,213,183,179
180,171,193,199,191,179,205,202
180,171,187,205,205,199,169,185
174,166,166,170,185,150,181,201
142,169,172,172,147,196,183,192
181,160,174,177,152,136,141,139
151,134,117,147,117,145,126,117
122,134,144,133,117,119,113,122
99,106,117,104,111,97,97,109
109,115,80,85,85,71,69,73
87,79,76,64,75,69,66,63
50,74,51,63,67,59,50,48
43,47,52,50,41,42,50,40
53,50,45,38,44,38,36,41
41,22,34,28,20,27,27,33
31,27,20,33,30,22,26,22
13,14,18,16,18,19,14,17
13,21,9,16,10,7,12,11
13,11,8,7,9,12,11,7
9,5,7,5,5,9,7,9
7,9,7,9,8,6,3,4
4,11,3,6,7,7,4,2
5,6,2,5,5,9,2,5
6,5,4,1,5,3,3,5
4,8,3,6,3,9,0,3
6,4,4,4,7,5,5,1
2,8,6,6,5,2,4,2
1,5,4,8,5,6,6,2
5,4,6,5,4,8,2,1
3,1,1,6,6,7,3,4
6,3,4,6,4,5,5,4
5,3,6,6,4,4,4,2
4,7,5,2,4,10,10,6
4,6,5,4,5,3,6,5
4,2,6,5,5,12,5,10
6,4,7,7,2,8,2,10
3,5,2,5,6,6,3,5
4,5,8,8,5,7,5,8
4,4,5,10,6,6,11,3
7,10,8,7,7,7,6,5
2,11,8,5,3,4,7,6
11,13,10,6,8,8,8,12
11,12,5,10,11,5,6,6
13,10,8,13,5,11,9,9
8,6,7,7,12,20,12,13
5,6,10,13,9,10,13,10
11,19,9,15,11,6,13,5
9,15,16,7,10,10,15,8
13,20,13,12,23,16,17,21
21,17,18,16,18,15,13,16
12,18,23,16,25,23,23,27
18,22,18,26,28,30,21,27
26,23,31,19,30,37,41,27
29,32,33,33,25,23,33,24
42,25,32,47,38,31,52,43
48,44,36,48,46,45,51,42
60,57,58,53,57,54,49,57
58,59,52,79,58,86,60,68
77,69,77,82,79,83,73,87
92,89,97,84,82,100,103,91
94,120,95,107,104,109,104,142
109,99,131,139,113,125,136,125
151,140,130,138,133,120,155,155
135,140,155,156,172,164,146,199
144,162,164,191,174,154,151,158
163,158,189,178,182,161,171,175
156,180,181,178,192,167,174,187
183,169,165,181,176,155,186,180
176,180,142,198,168,177,175,158
175,170,177,158,182,134,154,151
172,169,144,148,169,135,168,128
161,145,159,120,150,136,136,135
116,134,126,114,129,114,124,134
118,102,119,89,106,91,108,108
115,124,80,90,75,81,79,82
75,84,84,73,82,74,81,70
68,75,66,76,71,60,60,62
54,63,62,52,53,42,40,36
49,35,34,24,33,51,40,34
36,42,33,34,40,32,21,32
25,27,20,20,26,22,22,23
23,17,22,14,15,20,13,16
24,13,16,16,6,9,11,13
8,14,7,7,9,13,4,10
11,8,7,5,6,5,7,4
5,10,8,3,9,7,5,4
2,3,4,4,3,7,0,4
3,3,1,0,6,1,0,3
2,1,2,1,1,1,1,0
2,0,0,2,1,0,4,1
2,0,0,0,1,0,0,2
2,1,1,0,1,0,1,0
1,0,0,0,0,0,1,1
0,0,0,0,0,0,0,0
0,0,0,0,0,0,1,1
1,0,0,0,1,0,0,0
0,0,0,0,0,0,0,0
0,0,0,0,0,0,0,0
0,1,0,0,0,0,1,0
0,0,0,0,0,0,0,0
0,0,0,0,0,0,0,0
0,0,0,0,0,0,0,0
0,0,0,0,0,0,0,0
0,0,0,0,0,0,0,0
0,0,0,0,0,0,0,0
0,1,0,0,0,0,0,0
0,0,0,0,0,0,0,0
0,0,0,0,0,0,0,0
0,0,0,0,0,0,0,0
0,0,0,0,1,0,0,0
0,0,0,0,0,0,0,0
0,0,0,0,0,0,0,0
0,0,0,0,1,0,0,0
0,0,0,0,0,0,0,0
0,0,0,0,0,0,0,0
0,0,0,0,0,0,0,0
0,0,0,0,0,0,0,0
0,0,0,0,0,0,0,0
0,0,0,0,0,0,0,0
0,0,0,0,0,0,0,0
0,0,0,0,0,0,0,0
0,0,0,0,0,0,0,0
0,0,0,0,0,0,0,0
0,0,0,1,0,0,0,0
0,0,0,0,0,0,1,0
0,0,0,0,0,0,0,1
0,0,0,0,0,0,1,0
0,0,0,0,0,0,0,0
0,0,0,0,0,0,0,0
0,0,0,0,0,1,0,0
0,0,0,0,0,0,0,0
0,0,0,0,0,0,0,0
0,0,0,0,0,0,0,0
0,0,0,0,0,0,1,0
0,0,0,0,0,0,0,0
0,0,1,0,0,0,0,0
0,0,0,0,0,0,0,0
0,0,0,0,0,0,1,0
0,0,0,0,0,0,0,0
1,0,0,0,0,0,0,0
0,0,0,0,0,0,0,0
0,0,0,1,0,0,0,0
0,0,0,0,0,0,1,0
0,0,0,0,0,0,0,0
0,0,0,0,0,0,0,0
0,0,0,0,0,0,0,0
0,0,0,0,0,0,0,0
0,0,0,0,1,0,0,0
0,0,0,0,0,0,0,0
0,0,0,0,1,0,0,0
0,0,0,0,0,0,0,0
0,0,0,0,0,0,0,0
0,0,0,0,0,0,0,0
0,0,0,0,0,0,0,0
0,0,0,0,0,0,0,0
0,0,0,0,0,0,1,0
0,0,1,0,0,0,0,0
0,0,0,0,0,0,0,1
0,0,0,0,0,0,0,1
0,0,0,0,0,0,0,0
0,0,0,0,0,0,0,0
0,0,0,0,1,0,0,0
0,0,0,1,0,0,0,0
0,0,0,0,0,0,0,0
0,0,0,0,0,0,0,0
0,0,0,0,0,0,0,0
0,0,0,0,0,0,0,0
0,0,0,0,0,0,0,0
0,0,1,0,0,0,0,0
0,0,0,0,0,0,0,0
0,0,0,0,0,0,0,0
0,0,0,0,0,0,0,0
0,0,0,0,0,0,0,0
0,0,0,0,0,0,0,0
0,0,0,0,0,0,0,0
0,0,0,0,0,0,0,0
0,0,0,0,0,0,0,0
0,0,0,0,0,0,0,0
0,0,0,0,0,0,0,0
0,0,0,0,0,0,0,0
0,0,0,0,0,0,0,0
0,0,0,0,0,0,0,0
0,0,0,0,0,0,0,0
0,0,0,0,0,0,0,0
0,0,0,0,0,0,0,0
0,0,0,0,0,0,0,0
0,0,0,0,0,0,0,0
0,0,0,0,0,0,0,0
0,0,0,0,0,0,0,0
0,0,0,0,0,0,0,0
0,0,0,0,0,0,0,0
0,0,0,0,0,0,0,0
