SpectrumName : 75_Torr.SPC
XUnit        : 
YUnit        : 
Length       : 2048
SubSpcNum    : 1
StartSubSpc  : 0
StopSubSpc   : 0
Comment      : 
Realtime     : 602.828
Livetime     : 600.000
Deadtime     : 2.828
Starttime    : 30.01.2023 11:36:45
Stoptime     : 30.01.2023 11:46:48
CalibCoeff   : a=0.000000000E+000 b=0.000000000E+000 c=0.000000000E+000 d=0.000000000E+000
SpectrumText : 0 
130,135,103,113,129,154,141,121
148,147,141,118,140,159,178,140
166,176,178,168,165,188,187,185
182,177,183,184,197,198,186,210
232,218,208,214,210,210,195,255
234,227,238,241,255,236,225,246
263,229,263,250,237,262,239,246
262,250,233,258,260,225,241,249
234,244,239,246,244,244,253,215
233,229,250,261,224,230,240,242
247,234,228,231,227,205,220,212
226,217,228,221,205,211,196,194
192,194,231,223,184,182,185,205
204,169,189,199,195,186,172,193
168,218,171,218,186,189,201,185
185,175,184,193,193,171,187,201
221,192,179,235,218,205,214,240
196,208,228,220,233,265,222,218
245,261,206,210,253,267,265,267
255,275,259,255,288,268,261,272
276,291,316,326,329,306,316,325
296,304,323,303,315,326,356,318
300,335,341,350,385,311,334,345
340,358,339,367,343,338,341,349
363,377,379,384,337,385,368,350
372,367,356,346,353,351,353,336
365,339,353,357,359,364,347,334
389,348,340,345,324,329,314,369
292,338,327,321,340,335,298,323
291,281,297,282,316,272,289,317
275,312,281,281,269,275,234,262
230,256,246,253,226,263,216,240
223,229,208,202,232,235,207,187
228,205,215,188,185,196,189,207
178,182,188,196,180,187,185,194
144,174,174,158,182,166,176,180
163,148,174,174,134,159,156,167
200,140,160,177,186,179,176,158
170,167,190,164,180,155,161,212
212,189,228,183,186,186,224,184
214,217,225,205,196,198,188,217
228,242,219,196,217,219,267,214
230,228,236,200,230,236,197,186
226,247,246,244,214,224,193,202
218,209,195,243,188,226,197,212
208,195,199,206,203,202,189,199
180,200,161,190,190,204,177,174
158,153,148,178,125,150,136,169
115,132,123,116,151,120,126,133
121,125,93,106,130,124,95,93
88,94,90,99,89,78,76,85
81,80,64,59,81,60,67,66
56,50,57,55,61,59,44,54
32,35,36,36,32,38,35,39
26,21,43,30,41,34,26,19
30,23,17,24,19,19,12,20
15,16,24,14,11,12,14,13
8,13,12,11,13,7,17,11
4,4,9,5,11,15,10,7
5,10,5,10,11,8,6,8
2,7,7,8,4,6,5,5
6,2,6,6,4,4,1,4
5,6,3,3,1,4,5,10
3,1,7,4,4,5,6,4
6,6,3,5,2,4,4,4
6,1,3,4,3,6,5,3
0,5,4,3,8,5,2,5
5,4,5,13,4,3,3,4
6,5,5,6,5,7,6,3
5,5,6,5,6,6,7,6
6,5,4,3,10,7,3,4
8,6,7,5,7,4,4,4
3,6,8,9,10,3,8,6
6,6,9,6,6,0,7,7
6,5,11,6,3,7,5,4
14,11,4,3,4,7,7,5
7,3,7,12,5,3,8,7
8,13,6,7,10,11,11,15
9,8,8,10,9,9,12,9
8,7,8,11,11,13,14,7
11,8,17,6,9,10,14,10
11,13,14,11,13,10,8,7
8,11,17,12,18,19,19,14
20,11,22,22,18,25,14,13
12,22,11,22,23,22,21,17
19,21,26,22,20,21,17,27
38,19,26,21,23,34,21,21
35,35,36,37,34,30,27,26
38,28,33,39,39,44,49,35
41,41,41,44,46,52,50,45
61,53,55,73,59,73,63,58
56,75,95,71,82,84,69,91
83,86,91,88,106,86,96,103
92,114,110,103,96,119,116,109
129,131,130,125,131,127,130,125
132,130,146,155,144,163,139,156
167,156,143,173,151,162,179,173
172,167,198,181,167,189,190,196
173,187,199,204,198,222,195,191
205,202,182,197,224,200,198,203
200,207,204,193,197,220,225,215
198,186,182,184,201,188,190,192
191,169,185,179,177,175,202,205
175,155,165,174,167,150,177,186
137,133,147,153,146,148,124,156
150,133,126,131,142,109,117,117
90,108,98,105,112,89,103,83
80,99,94,82,87,74,88,76
81,65,67,71,63,61,61,60
60,52,61,54,56,47,47,50
49,40,42,38,32,32,44,36
33,31,27,26,22,26,26,22
26,19,15,22,19,16,15,21
26,15,16,16,10,16,10,11
17,9,16,9,8,9,11,10
5,6,11,8,6,9,9,8
7,6,3,2,8,4,7,3
3,1,2,5,8,5,0,2
2,2,2,6,3,2,2,2
1,0,2,0,1,2,2,1
0,0,0,0,1,1,1,2
0,0,0,2,1,0,0,0
1,0,0,1,0,1,0,1
0,0,0,0,0,0,0,0
0,0,0,0,0,1,1,0
2,0,0,0,0,0,0,0
0,0,0,0,0,0,0,0
0,0,0,0,0,0,0,0
0,0,1,0,0,0,0,0
0,0,0,0,0,0,0,0
0,0,0,0,0,0,0,0
0,0,0,0,0,0,0,0
1,0,0,0,0,0,0,0
0,0,0,0,0,0,0,0
0,0,0,0,0,0,0,0
0,0,0,0,0,0,0,0
0,0,0,0,0,1,0,0
0,0,0,0,0,0,1,0
0,0,1,0,0,0,0,0
0,0,0,0,0,0,0,0
0,0,0,0,0,0,0,0
0,0,0,0,0,0,0,0
0,0,0,0,0,0,0,0
0,0,0,0,0,0,0,0
0,0,0,0,0,0,0,0
0,0,0,0,0,0,0,0
0,0,0,1,0,0,0,0
0,0,0,0,0,0,0,0
0,0,0,0,0,0,0,0
0,0,0,0,0,0,0,0
0,0,0,0,0,0,0,0
0,0,0,0,0,0,0,0
0,0,0,0,0,0,0,0
0,0,0,0,0,0,0,0
0,0,0,0,0,0,0,0
0,0,0,0,0,0,0,0
0,0,0,0,0,0,0,0
0,0,0,0,0,0,0,0
0,0,0,1,0,0,0,1
0,0,0,0,0,0,0,0
0,0,0,0,0,0,0,1
0,0,0,0,0,0,0,0
0,0,0,0,0,0,0,0
0,0,0,0,0,0,0,0
1,0,0,0,0,0,0,0
0,0,0,0,0,0,0,0
0,0,0,0,0,0,0,0
0,0,0,0,0,0,0,0
0,0,1,0,0,0,0,0
0,0,0,0,0,0,0,0
0,0,0,0,0,0,0,0
0,0,0,0,0,0,1,0
0,0,0,0,0,0,0,0
0,0,0,0,0,0,0,1
0,0,0,0,0,0,0,0
0,0,0,0,0,0,0,0
0,0,0,0,0,0,0,0
0,0,0,0,0,0,0,0
0,0,0,0,0,0,0,0
0,0,0,0,0,0,0,0
0,0,0,0,0,0,0,0
0,0,0,0,0,0,0,0
1,0,0,0,0,0,0,0
0,0,0,0,0,0,0,0
0,0,0,0,0,0,0,0
0,0,0,0,0,0,0,0
0,0,0,0,0,0,0,0
0,0,0,0,0,0,0,0
0,0,0,0,0,0,0,0
0,0,0,0,0,0,0,0
0,1,0,0,0,0,0,0
0,0,0,0,0,0,0,0
1,0,0,0,0,0,0,0
0,0,0,0,0,0,0,0
0,0,0,0,0,0,0,0
0,1,0,0,0,0,0,0
0,0,0,0,0,0,0,0
0,0,0,0,0,0,0,0
0,0,0,0,0,0,0,0
0,0,0,0,0,0,0,0
0,0,0,0,0,0,0,0
0,0,0,0,0,0,0,0
0,0,0,0,1,0,0,0
0,0,0,0,0,0,0,0
0,0,0,0,0,0,0,0
0,0,1,0,0,0,0,0
0,0,0,0,0,0,0,0
0,0,0,0,0,0,0,1
0,0,0,0,0,0,0,0
0,0,0,0,0,0,0,0
0,0,0,0,0,0,0,0
0,0,0,0,0,0,0,0
0,0,0,0,0,0,0,0
0,0,0,0,0,0,0,0
0,0,0,0,0,0,0,0
0,0,0,0,0,0,0,0
0,0,0,0,0,0,0,0
0,0,0,0,0,0,0,0
0,0,0,0,0,0,0,0
0,0,0,0,0,0,0,0
0,0,0,0,0,0,0,0
0,0,0,0,0,0,0,0
0,0,0,0,0,0,0,0
0,0,0,0,0,0,0,0
0,0,0,0,0,0,0,0
0,0,0,0,0,0,0,0
0,0,0,1,0,0,0,0
0,0,0,0,0,0,0,0
0,0,0,0,0,0,0,0
0,0,0,0,0,0,0,0
0,0,0,0,0,0,0,0
0,0,0,0,0,0,0,0
0,0,0,0,0,0,0,0
0,0,0,0,0,0,1,0
0,0,0,0,0,0,0,0
0,0,0,0,0,0,0,0
0,0,0,0,0,0,0,0
0,0,0,0,0,0,0,0
0,0,0,0,0,0,0,1
0,0,0,0,0,0,0,0
0,0,0,0,0,0,0,0
0,0,0,0,0,0,0,0
0,0,0,0,0,0,0,0
0,0,0,0,0,0,0,0
0,0,0,0,0,0,0,0
0,0,0,0,0,0,0,0
0,0,0,0,0,0,0,0
0,0,0,0,0,0,0,0
0,0,0,0,0,0,0,0
0,0,0,0,0,0,0,0
0,0,0,0,0,0,0,0
0,0,0,0,0,0,0,0
0,0,0,0,0,0,0,0
0,0,0,0,0,0,0,0
0,0,0,0,0,0,0,0
0,0,0,0,0,0,0,0
