5435.000000	5.449219
5436.000000	5.585937
5437.000000	5.585937
5438.000000	5.644531
5439.000000	5.664062
5440.000000	5.664062
5441.000000	5.722656
5442.000000	5.722656
5443.000000	5.742187
5444.000000	5.703125
5445.000000	5.761719
5446.000000	5.722656
5447.000000	5.820312
5448.000000	5.839844
5449.000000	5.878906
5450.000000	5.878906
5451.000000	5.917969
5452.000000	5.937500
5453.000000	5.957031
5454.000000	5.957031
5455.000000	5.937500
5456.000000	5.898437
5457.000000	5.937500
5458.000000	5.937500
5459.000000	5.898437
5460.000000	5.859375
5461.000000	5.781250
5462.000000	5.800781
5463.000000	5.742187
5464.000000	5.742187
5465.000000	5.625000
5466.000000	5.605469
5467.000000	5.546875
5468.000000	5.488281
5469.000000	5.449219
5470.000000	5.332031
5471.000000	5.292969
5472.000000	5.195312
5473.000000	5.175781
5474.000000	5.000000
5475.000000	5.019531
5476.000000	4.843750
5477.000000	4.902344
5478.000000	4.746094
5479.000000	4.707031
5480.000000	4.589844
5481.000000	4.492187
5482.000000	4.414062
5483.000000	4.238281
5484.000000	4.199219
5485.000000	4.023437
5486.000000	3.984375
5487.000000	3.808594
5488.000000	3.750000
5489.000000	3.632812
5490.000000	3.515625
5491.000000	3.437500
5492.000000	3.222656
5493.000000	3.222656
5494.000000	2.949219
5495.000000	3.046875
5496.000000	2.714844
5497.000000	2.871094
5498.000000	2.480469
5499.000000	2.734375
5500.000000	2.363281
5501.000000	2.480469
5502.000000	2.343750
5503.000000	2.148437
5504.000000	2.343750
5505.000000	1.894531
5506.000000	2.265625
5507.000000	1.777344
5508.000000	2.011719
5509.000000	1.738281
5510.000000	1.875000
5511.000000	1.660156
5512.000000	1.855469
5513.000000	1.503906
5514.000000	1.738281
5515.000000	1.425781
5516.000000	1.601562
5517.000000	1.347656
5518.000000	1.503906
5519.000000	1.386719
5520.000000	1.367187
5521.000000	1.386719
5522.000000	1.269531
5523.000000	1.347656
5524.000000	1.191406
5525.000000	1.328125
5526.000000	1.171875
5527.000000	1.269531
5528.000000	1.113281
5529.000000	1.250000
5530.000000	1.171875
5531.000000	1.191406
5532.000000	1.230469
5533.000000	1.152344
5534.000000	1.269531
5535.000000	1.191406
5536.000000	1.308594
5537.000000	1.230469
5538.000000	1.347656
5539.000000	1.269531
5540.000000	1.406250
5541.000000	1.347656
5542.000000	1.445312
5543.000000	1.406250
5544.000000	1.484375
5545.000000	1.542969
5546.000000	1.542969
5547.000000	1.660156
5548.000000	1.640625
5549.000000	1.738281
5550.000000	1.796875
5551.000000	1.816406
5552.000000	1.933594
5553.000000	1.972656
5554.000000	2.050781
5555.000000	2.148437
5556.000000	2.148437
5557.000000	2.246094
5558.000000	2.324219
5559.000000	2.382812
5560.000000	2.480469
5561.000000	2.519531
5562.000000	2.617187
5563.000000	2.675781
5564.000000	2.792969
5565.000000	2.890625
5566.000000	2.949219
5567.000000	3.046875
5568.000000	3.105469
5569.000000	3.203125
5570.000000	3.300781
5571.000000	3.398437
5572.000000	3.457031
5573.000000	3.535156
5574.000000	3.535156
5575.000000	3.671875
5576.000000	3.710937
5577.000000	3.750000
5578.000000	3.925781
5579.000000	3.730469
5580.000000	3.945312
5581.000000	4.003906
5582.000000	3.984375
5583.000000	4.277344
5584.000000	3.886719
5585.000000	4.316406
5586.000000	4.296875
5587.000000	4.023437
5588.000000	4.550781
5589.000000	4.296875
5590.000000	4.472656
5591.000000	4.746094
5592.000000	4.355469
5593.000000	4.785156
5594.000000	4.824219
5595.000000	4.687500
5596.000000	5.058594
5597.000000	4.804687
5598.000000	5.058594
5599.000000	5.156250
5600.000000	4.980469
5601.000000	5.253906
5602.000000	5.253906
5603.000000	5.351562
5604.000000	5.468750
5605.000000	5.351562
5606.000000	5.468750
5607.000000	5.371094
5608.000000	5.546875
5609.000000	5.605469
5610.000000	5.683594
5611.000000	5.703125
5612.000000	5.742187
5613.000000	5.820312
5614.000000	5.839844
5615.000000	5.878906
5616.000000	5.878906
5617.000000	5.898437
5618.000000	5.878906
5619.000000	5.898437
5620.000000	5.898437
5621.000000	5.937500
5622.000000	5.898437
5623.000000	5.937500
5624.000000	5.917969
5625.000000	5.937500
5626.000000	5.917969
5627.000000	5.937500
5628.000000	5.898437
5629.000000	5.917969
5630.000000	5.859375
5631.000000	5.859375
5632.000000	5.742187
5633.000000	5.781250
5634.000000	5.683594
5635.000000	5.703125
5636.000000	5.605469
5637.000000	5.585937
5638.000000	5.488281
5639.000000	5.468750
5640.000000	5.410156
5641.000000	5.292969
5642.000000	5.292969
5643.000000	5.136719
5644.000000	5.156250
5645.000000	4.980469
5646.000000	5.019531
5647.000000	4.843750
5648.000000	4.843750
5649.000000	4.687500
5650.000000	4.707031
5651.000000	4.531250
5652.000000	4.511719
5653.000000	4.375000
5654.000000	4.355469
5655.000000	4.218750
5656.000000	4.160156
5657.000000	4.023437
5658.000000	3.964844
5659.000000	3.867187
5660.000000	3.730469
5661.000000	3.632812
5662.000000	3.496094
5663.000000	3.476562
5664.000000	3.300781
5665.000000	3.281250
5666.000000	3.125000
5667.000000	3.027344
5668.000000	2.949219
5669.000000	2.753906
5670.000000	2.753906
5671.000000	2.480469
5672.000000	2.636719
5673.000000	2.226562
5674.000000	2.460937
5675.000000	2.011719
5676.000000	2.324219
5677.000000	1.855469
5678.000000	2.207031
5679.000000	1.738281
5680.000000	2.109375
5681.000000	1.660156
5682.000000	2.011719
5683.000000	1.542969
5684.000000	1.855469
5685.000000	1.445312
5686.000000	1.738281
5687.000000	1.406250
5688.000000	1.679687
5689.000000	1.289062
5690.000000	1.562500
5691.000000	1.269531
5692.000000	1.523437
5693.000000	1.210937
5694.000000	1.425781
5695.000000	1.171875
5696.000000	1.406250
5697.000000	1.152344
5698.000000	1.269531
5699.000000	1.191406
5700.000000	1.171875
5701.000000	1.250000
5702.000000	1.152344
5703.000000	1.250000
5704.000000	1.132812
5705.000000	1.230469
5706.000000	1.152344
5707.000000	1.250000
5708.000000	1.210937
5709.000000	1.269531
5710.000000	1.230469
5711.000000	1.308594
5712.000000	1.269531
5713.000000	1.367187
5714.000000	1.328125
5715.000000	1.425781
5716.000000	1.406250
5717.000000	1.503906
5718.000000	1.484375
5719.000000	1.582031
5720.000000	1.582031
5721.000000	1.699219
5722.000000	1.738281
5723.000000	1.777344
5724.000000	1.894531
5725.000000	1.875000
5726.000000	2.031250
5727.000000	2.011719
5728.000000	2.187500
5729.000000	2.207031
5730.000000	2.246094
5731.000000	2.382812
5732.000000	2.363281
5733.000000	2.539062
5734.000000	2.558594
5735.000000	2.695312
5736.000000	2.753906
5737.000000	2.832031
5738.000000	2.968750
5739.000000	2.988281
5740.000000	3.125000
5741.000000	3.144531
5742.000000	3.281250
5743.000000	3.378906
5744.000000	3.496094
5745.000000	3.574219
5746.000000	3.652344
5747.000000	3.710937
5748.000000	3.789062
5749.000000	3.808594
5750.000000	3.906250
5751.000000	3.886719
5752.000000	4.042969
5753.000000	3.945312
5754.000000	4.160156
5755.000000	3.964844
5756.000000	4.296875
5757.000000	4.023437
5758.000000	4.472656
5759.000000	4.062500
5760.000000	4.628906
5761.000000	4.160156
5762.000000	4.707031
5763.000000	4.433594
5764.000000	4.765625
5765.000000	4.648437
5766.000000	4.843750
5767.000000	4.804687
5768.000000	4.980469
5769.000000	4.960937
5770.000000	5.136719
5771.000000	5.000000
5772.000000	5.332031
5773.000000	5.058594
5774.000000	5.468750
5775.000000	5.117187
5776.000000	5.488281
5777.000000	5.253906
5778.000000	5.546875
5779.000000	5.371094
5780.000000	5.625000
5781.000000	5.527344
5782.000000	5.703125
5783.000000	5.644531
5784.000000	5.761719
5785.000000	5.742187
5786.000000	5.781250
5787.000000	5.820312
5788.000000	5.820312
5789.000000	5.898437
5790.000000	5.820312
5791.000000	5.859375
5792.000000	5.820312
5793.000000	5.898437
5794.000000	5.937500
5795.000000	5.957031
5796.000000	5.976562
5797.000000	5.937500
5798.000000	5.917969
5799.000000	5.898437
5800.000000	5.917969
5801.000000	5.917969
5802.000000	5.898437
5803.000000	5.878906
5804.000000	5.859375
5805.000000	5.859375
5806.000000	5.839844
5807.000000	5.781250
5808.000000	5.742187
5809.000000	5.703125
5810.000000	5.644531
5811.000000	5.546875
5812.000000	5.507812
5813.000000	5.390625
5814.000000	5.390625
5815.000000	5.273437
5816.000000	5.253906
5817.000000	5.156250
5818.000000	5.039062
5819.000000	5.019531
5820.000000	4.863281
5821.000000	4.882812
5822.000000	4.824219
5823.000000	4.667969
5824.000000	4.628906
5825.000000	4.511719
5826.000000	4.492187
5827.000000	4.414062
5828.000000	4.296875
5829.000000	4.199219
5830.000000	4.101562
5831.000000	4.003906
5832.000000	3.906250
5833.000000	3.828125
5834.000000	3.671875
5835.000000	3.593750
5836.000000	3.457031
5837.000000	3.320312
5838.000000	3.300781
5839.000000	3.027344
5840.000000	3.066406
5841.000000	2.968750
5842.000000	2.636719
5843.000000	2.792969
5844.000000	2.519531
5845.000000	2.421875
5846.000000	2.578125
5847.000000	2.167969
5848.000000	2.402344
5849.000000	2.109375
5850.000000	2.031250
5851.000000	2.167969
5852.000000	1.796875
5853.000000	2.109375
5854.000000	1.679687
5855.000000	1.914062
5856.000000	1.640625
5857.000000	1.738281
5858.000000	1.621094
5859.000000	1.542969
5860.000000	1.621094
5861.000000	1.347656
5862.000000	1.562500
5863.000000	1.269531
5864.000000	1.425781
5865.000000	1.425781
5866.000000	1.210937
5867.000000	1.347656
5868.000000	1.132812
5869.000000	1.269531
5870.000000	1.230469
5871.000000	1.171875
5872.000000	1.269531
5873.000000	1.113281
5874.000000	1.230469
5875.000000	1.171875
5876.000000	1.191406
5877.000000	1.250000
5878.000000	1.171875
5879.000000	1.250000
5880.000000	1.230469
5881.000000	1.230469
5882.000000	1.289062
5883.000000	1.250000
5884.000000	1.308594
5885.000000	1.308594
5886.000000	1.328125
5887.000000	1.386719
5888.000000	1.386719
5889.000000	1.464844
5890.000000	1.464844
5891.000000	1.542969
5892.000000	1.562500
5893.000000	1.601562
5894.000000	1.660156
5895.000000	1.718750
5896.000000	1.757812
5897.000000	1.796875
5898.000000	1.875000
5899.000000	1.933594
5900.000000	1.992187
5901.000000	2.070312
5902.000000	2.089844
5903.000000	2.226562
5904.000000	2.226562
5905.000000	2.382812
5906.000000	2.363281
5907.000000	2.519531
5908.000000	2.519531
5909.000000	2.695312
5910.000000	2.695312
5911.000000	2.851562
5912.000000	2.890625
5913.000000	3.046875
5914.000000	3.085937
5915.000000	3.203125
5916.000000	3.261719
5917.000000	3.378906
5918.000000	3.457031
5919.000000	3.574219
5920.000000	3.593750
5921.000000	3.691406
5922.000000	3.710937
5923.000000	3.789062
5924.000000	3.789062
5925.000000	3.906250
5926.000000	3.847656
5927.000000	4.062500
5928.000000	3.964844
5929.000000	4.238281
5930.000000	4.101562
5931.000000	4.375000
5932.000000	4.218750
5933.000000	4.511719
5934.000000	4.335937
5935.000000	4.628906
5936.000000	4.394531
5937.000000	4.726562
5938.000000	4.589844
5939.000000	4.687500
5940.000000	4.746094
5941.000000	4.765625
5942.000000	4.941406
5943.000000	4.785156
5944.000000	5.078125
5945.000000	4.804687
5946.000000	5.253906
5947.000000	4.921875
5948.000000	5.351562
5949.000000	5.039062
5950.000000	5.410156
5951.000000	5.175781
5952.000000	5.468750
5953.000000	5.273437
5954.000000	5.527344
5955.000000	5.468750
5956.000000	5.625000
5957.000000	5.527344
5958.000000	5.644531
5959.000000	5.644531
5960.000000	5.742187
5961.000000	5.742187
5962.000000	5.722656
5963.000000	5.722656
5964.000000	5.703125
5965.000000	5.761719
5966.000000	5.781250
5967.000000	5.800781
5968.000000	5.839844
5969.000000	5.898437
5970.000000	5.917969
5971.000000	5.917969
5972.000000	5.917969
5973.000000	5.878906
5974.000000	5.898437
5975.000000	5.859375
5976.000000	5.878906
5977.000000	5.820312
5978.000000	5.800781
5979.000000	5.800781
5980.000000	5.781250
5981.000000	5.742187
5982.000000	5.683594
5983.000000	5.625000
5984.000000	5.527344
5985.000000	5.488281
5986.000000	5.410156
5987.000000	5.390625
5988.000000	5.292969
5989.000000	5.273437
5990.000000	5.175781
5991.000000	5.156250
5992.000000	5.039062
5993.000000	5.000000
5994.000000	4.902344
5995.000000	4.863281
5996.000000	4.765625
5997.000000	4.707031
5998.000000	4.589844
5999.000000	4.531250
6000.000000	4.394531
6001.000000	4.355469
6002.000000	4.179687
6003.000000	4.121094
6004.000000	4.023437
6005.000000	3.964844
6006.000000	3.847656
6007.000000	3.750000
6008.000000	3.574219
6009.000000	3.535156
6010.000000	3.378906
6011.000000	3.281250
6012.000000	3.242187
6013.000000	2.929687
6014.000000	3.027344
6015.000000	2.656250
6016.000000	2.675781
6017.000000	2.714844
6018.000000	2.363281
6019.000000	2.597656
6020.000000	2.343750
6021.000000	2.246094
6022.000000	2.441406
6023.000000	1.972656
6024.000000	2.343750
6025.000000	2.031250
6026.000000	2.011719
6027.000000	2.187500
6028.000000	1.757812
6029.000000	2.011719
6030.000000	1.835937
6031.000000	1.582031
6032.000000	1.835937
6033.000000	1.621094
6034.000000	1.621094
6035.000000	1.601562
6036.000000	1.464844
6037.000000	1.582031
6038.000000	1.406250
6039.000000	1.503906
6040.000000	1.308594
6041.000000	1.406250
6042.000000	1.269531
6043.000000	1.328125
6044.000000	1.230469
6045.000000	1.230469
6046.000000	1.210937
6047.000000	1.210937
6048.000000	1.171875
6049.000000	1.171875
6050.000000	1.191406
6051.000000	1.191406
6052.000000	1.191406
6053.000000	1.210937
6054.000000	1.191406
6055.000000	1.230469
6056.000000	1.269531
6057.000000	1.250000
6058.000000	1.328125
6059.000000	1.289062
6060.000000	1.386719
6061.000000	1.347656
6062.000000	1.464844
6063.000000	1.445312
6064.000000	1.523437
6065.000000	1.562500
6066.000000	1.562500
6067.000000	1.679687
6068.000000	1.660156
6069.000000	1.796875
6070.000000	1.738281
6071.000000	1.875000
6072.000000	1.933594
6073.000000	1.953125
6074.000000	2.109375
6075.000000	2.109375
6076.000000	2.207031
6077.000000	2.304687
6078.000000	2.285156
6079.000000	2.441406
6080.000000	2.480469
6081.000000	2.578125
6082.000000	2.675781
6083.000000	2.695312
6084.000000	2.812500
6085.000000	2.851562
6086.000000	2.988281
6087.000000	3.046875
6088.000000	3.144531
6089.000000	3.242187
6090.000000	3.281250
6091.000000	3.378906
6092.000000	3.476562
6093.000000	3.574219
6094.000000	3.632812
6095.000000	3.691406
6096.000000	3.710937
6097.000000	3.828125
6098.000000	3.750000
6099.000000	3.847656
6100.000000	4.023437
6101.000000	3.808594
6102.000000	4.101562
6103.000000	4.121094
6104.000000	4.003906
6105.000000	4.472656
6106.000000	4.472656
6107.000000	4.199219
6108.000000	4.609375
6109.000000	4.179687
6110.000000	4.589844
6111.000000	4.785156
6112.000000	4.414062
6113.000000	4.863281
6114.000000	4.824219
6115.000000	4.648437
6116.000000	5.078125
6117.000000	4.843750
6118.000000	5.058594
6119.000000	5.234375
6120.000000	4.960937
6121.000000	5.273437
6122.000000	5.273437
6123.000000	5.273437
6124.000000	5.449219
6125.000000	5.488281
6126.000000	5.605469
6127.000000	5.722656
6128.000000	5.722656
6129.000000	5.742187
6130.000000	5.742187
6131.000000	5.742187
6132.000000	5.761719
6133.000000	5.742187
6134.000000	5.781250
6135.000000	5.761719
6136.000000	5.800781
6137.000000	5.820312
6138.000000	5.878906
6139.000000	5.917969
6140.000000	5.917969
6141.000000	5.917969
6142.000000	5.878906
6143.000000	5.898437
6144.000000	5.839844
6145.000000	5.898437
6146.000000	5.898437
6147.000000	5.839844
6148.000000	5.878906
6149.000000	5.839844
6150.000000	5.859375
6151.000000	5.839844
6152.000000	5.820312
6153.000000	5.781250
6154.000000	5.722656
6155.000000	5.722656
6156.000000	5.605469
6157.000000	5.605469
6158.000000	5.468750
6159.000000	5.488281
6160.000000	5.429687
6161.000000	5.292969
6162.000000	5.312500
6163.000000	5.136719
6164.000000	5.156250
6165.000000	5.039062
6166.000000	4.980469
6167.000000	4.960937
6168.000000	4.804687
6169.000000	4.785156
6170.000000	4.628906
6171.000000	4.589844
6172.000000	4.511719
6173.000000	4.375000
6174.000000	4.335937
6175.000000	4.238281
6176.000000	4.140625
6177.000000	4.042969
6178.000000	3.964844
6179.000000	3.847656
6180.000000	3.769531
6181.000000	3.613281
6182.000000	3.535156
6183.000000	3.339844
6184.000000	3.359375
6185.000000	3.105469
6186.000000	3.066406
6187.000000	2.968750
6188.000000	2.890625
6189.000000	2.773437
6190.000000	2.714844
6191.000000	2.597656
6192.000000	2.539062
6193.000000	2.421875
6194.000000	2.441406
6195.000000	2.187500
6196.000000	2.304687
6197.000000	2.070312
6198.000000	2.109375
6199.000000	1.933594
6200.000000	2.011719
6201.000000	1.816406
6202.000000	1.835937
6203.000000	1.718750
6204.000000	1.777344
6205.000000	1.542969
6206.000000	1.621094
6207.000000	1.464844
6208.000000	1.562500
6209.000000	1.367187
6210.000000	1.503906
6211.000000	1.269531
6212.000000	1.464844
6213.000000	1.230469
6214.000000	1.386719
6215.000000	1.171875
6216.000000	1.347656
6217.000000	1.171875
6218.000000	1.328125
6219.000000	1.152344
6220.000000	1.250000
6221.000000	1.171875
6222.000000	1.250000
6223.000000	1.230469
6224.000000	1.210937
6225.000000	1.210937
6226.000000	1.210937
6227.000000	1.230469
6228.000000	1.230469
6229.000000	1.269531
6230.000000	1.269531
6231.000000	1.269531
6232.000000	1.347656
6233.000000	1.347656
6234.000000	1.406250
6235.000000	1.367187
6236.000000	1.523437
6237.000000	1.484375
6238.000000	1.621094
6239.000000	1.562500
6240.000000	1.718750
6241.000000	1.679687
6242.000000	1.835937
6243.000000	1.777344
6244.000000	1.914062
6245.000000	1.894531
6246.000000	2.050781
6247.000000	2.031250
6248.000000	2.167969
6249.000000	2.167969
6250.000000	2.304687
6251.000000	2.343750
6252.000000	2.441406
6253.000000	2.500000
6254.000000	2.578125
6255.000000	2.656250
6256.000000	2.734375
6257.000000	2.832031
6258.000000	2.871094
6259.000000	2.968750
6260.000000	3.027344
6261.000000	3.164062
6262.000000	3.222656
6263.000000	3.320312
6264.000000	3.378906
6265.000000	3.496094
6266.000000	3.574219
6267.000000	3.671875
6268.000000	3.730469
6269.000000	3.808594
6270.000000	3.789062
6271.000000	3.925781
6272.000000	3.984375
6273.000000	4.003906
6274.000000	4.160156
6275.000000	4.042969
6276.000000	4.316406
6277.000000	4.082031
6278.000000	4.472656
6279.000000	4.140625
6280.000000	4.609375
6281.000000	4.218750
6282.000000	4.726562
6283.000000	4.394531
6284.000000	4.824219
6285.000000	4.492187
6286.000000	4.882812
6287.000000	4.765625
6288.000000	5.000000
6289.000000	4.941406
6290.000000	5.156250
6291.000000	5.214844
6292.000000	5.136719
6293.000000	5.371094
6294.000000	5.078125
6295.000000	5.351562
6296.000000	5.117187
6297.000000	5.449219
6298.000000	5.332031
6299.000000	5.410156
6300.000000	5.585937
6301.000000	5.390625
6302.000000	5.605469
6303.000000	5.527344
6304.000000	5.566406
6305.000000	5.664062
6306.000000	5.507812
6307.000000	5.683594
6308.000000	5.664062
6309.000000	5.742187
6310.000000	5.820312
6311.000000	5.878906
6312.000000	5.917969
6313.000000	5.976562
6314.000000	6.015625
6315.000000	5.976562
6316.000000	6.015625
6317.000000	5.957031
6318.000000	5.937500
6319.000000	5.937500
6320.000000	5.937500
6321.000000	5.957031
6322.000000	5.917969
6323.000000	5.859375
6324.000000	5.839844
6325.000000	5.781250
6326.000000	5.781250
6327.000000	5.683594
6328.000000	5.664062
6329.000000	5.585937
6330.000000	5.585937
6331.000000	5.527344
6332.000000	5.507812
6333.000000	5.410156
6334.000000	5.371094
6335.000000	5.292969
6336.000000	5.273437
6337.000000	5.214844
6338.000000	5.097656
6339.000000	5.058594
6340.000000	4.902344
6341.000000	4.902344
6342.000000	4.785156
6343.000000	4.746094
6344.000000	4.628906
6345.000000	4.570312
6346.000000	4.511719
6347.000000	4.394531
6348.000000	4.335937
6349.000000	4.179687
6350.000000	4.101562
6351.000000	4.003906
6352.000000	3.925781
6353.000000	3.789062
6354.000000	3.632812
6355.000000	3.515625
6356.000000	3.496094
6357.000000	3.300781
6358.000000	3.339844
6359.000000	3.164062
6360.000000	3.007812
6361.000000	3.066406
6362.000000	2.695312
6363.000000	2.851562
6364.000000	2.597656
6365.000000	2.441406
6366.000000	2.597656
6367.000000	2.187500
6368.000000	2.460937
6369.000000	2.187500
6370.000000	2.128906
6371.000000	2.265625
6372.000000	1.894531
6373.000000	2.089844
6374.000000	1.953125
6375.000000	1.718750
6376.000000	2.011719
6377.000000	1.601562
6378.000000	1.835937
6379.000000	1.621094
6380.000000	1.542969
6381.000000	1.660156
6382.000000	1.367187
6383.000000	1.562500
6384.000000	1.386719
6385.000000	1.367187
6386.000000	1.464844
6387.000000	1.230469
6388.000000	1.328125
6389.000000	1.269531
6390.000000	1.210937
6391.000000	1.289062
6392.000000	1.152344
6393.000000	1.191406
6394.000000	1.230469
6395.000000	1.171875
6396.000000	1.250000
6397.000000	1.230469
6398.000000	1.210937
6399.000000	1.230469
6400.000000	1.191406
6401.000000	1.230469
6402.000000	1.250000
6403.000000	1.269531
6404.000000	1.308594
6405.000000	1.269531
6406.000000	1.347656
6407.000000	1.367187
6408.000000	1.386719
6409.000000	1.484375
6410.000000	1.464844
6411.000000	1.542969
6412.000000	1.542969
6413.000000	1.621094
6414.000000	1.660156
6415.000000	1.718750
6416.000000	1.777344
6417.000000	1.796875
6418.000000	1.875000
6419.000000	1.894531
6420.000000	2.011719
6421.000000	2.011719
6422.000000	2.109375
6423.000000	2.128906
6424.000000	2.246094
6425.000000	2.285156
6426.000000	2.382812
6427.000000	2.421875
6428.000000	2.539062
6429.000000	2.578125
6430.000000	2.714844
6431.000000	2.714844
6432.000000	2.851562
6433.000000	2.871094
6434.000000	3.027344
6435.000000	3.066406
6436.000000	3.203125
6437.000000	3.222656
6438.000000	3.378906
6439.000000	3.417969
6440.000000	3.554687
6441.000000	3.632812
6442.000000	3.710937
6443.000000	3.750000
6444.000000	3.808594
6445.000000	3.789062
6446.000000	3.906250
6447.000000	3.828125
6448.000000	4.042969
6449.000000	4.042969
6450.000000	4.179687
6451.000000	4.277344
6452.000000	4.121094
6453.000000	4.492187
6454.000000	4.140625
6455.000000	4.472656
6456.000000	4.628906
6457.000000	4.394531
6458.000000	4.882812
6459.000000	4.550781
6460.000000	5.000000
6461.000000	4.707031
6462.000000	5.058594
6463.000000	4.980469
6464.000000	4.960937
6465.000000	5.097656
6466.000000	5.078125
6467.000000	5.214844
6468.000000	5.156250
6469.000000	5.273437
6470.000000	5.292969
6471.000000	5.410156
6472.000000	5.371094
6473.000000	5.410156
6474.000000	5.332031
6475.000000	5.410156
6476.000000	5.390625
6477.000000	5.546875
6478.000000	5.468750
6479.000000	5.605469
6480.000000	5.507812
6481.000000	5.644531
6482.000000	5.585937
6483.000000	5.761719
6484.000000	5.761719
6485.000000	5.839844
6486.000000	5.839844
6487.000000	5.898437
6488.000000	5.878906
6489.000000	5.917969
6490.000000	5.937500
6491.000000	5.976562
6492.000000	5.976562
6493.000000	5.957031
6494.000000	5.957031
6495.000000	5.898437
6496.000000	5.917969
6497.000000	5.878906
6498.000000	5.878906
6499.000000	5.839844
6500.000000	5.820312
6501.000000	5.781250
6502.000000	5.761719
6503.000000	5.722656
6504.000000	5.644531
6505.000000	5.605469
6506.000000	5.488281
6507.000000	5.507812
6508.000000	5.390625
6509.000000	5.390625
6510.000000	5.273437
6511.000000	5.253906
6512.000000	5.136719
6513.000000	5.156250
6514.000000	5.000000
6515.000000	5.000000
6516.000000	4.843750
6517.000000	4.843750
6518.000000	4.726562
6519.000000	4.707031
6520.000000	4.531250
6521.000000	4.511719
6522.000000	4.355469
6523.000000	4.335937
6524.000000	4.140625
6525.000000	4.101562
6526.000000	3.906250
6527.000000	3.886719
6528.000000	3.730469
6529.000000	3.632812
6530.000000	3.535156
6531.000000	3.398437
6532.000000	3.378906
6533.000000	3.144531
6534.000000	3.203125
6535.000000	2.851562
6536.000000	2.988281
6537.000000	2.675781
6538.000000	2.812500
6539.000000	2.480469
6540.000000	2.558594
6541.000000	2.285156
6542.000000	2.460937
6543.000000	2.070312
6544.000000	2.304687
6545.000000	1.972656
6546.000000	2.128906
6547.000000	1.855469
6548.000000	1.992187
6549.000000	1.835937
6550.000000	1.660156
6551.000000	1.914062
6552.000000	1.464844
6553.000000	1.699219
6554.000000	1.503906
6555.000000	1.464844
6556.000000	1.503906
6557.000000	1.347656
6558.000000	1.464844
6559.000000	1.230469
6560.000000	1.406250
6561.000000	1.152344
6562.000000	1.347656
6563.000000	1.132812
6564.000000	1.328125
6565.000000	1.113281
6566.000000	1.289062
6567.000000	1.113281
6568.000000	1.308594
6569.000000	1.171875
6570.000000	1.230469
6571.000000	1.210937
6572.000000	1.191406
6573.000000	1.269531
6574.000000	1.171875
6575.000000	1.250000
6576.000000	1.171875
6577.000000	1.269531
6578.000000	1.289062
6579.000000	1.289062
6580.000000	1.367187
6581.000000	1.347656
6582.000000	1.386719
6583.000000	1.445312
6584.000000	1.445312
6585.000000	1.542969
6586.000000	1.582031
6587.000000	1.582031
6588.000000	1.660156
6589.000000	1.699219
6590.000000	1.777344
6591.000000	1.855469
6592.000000	1.875000
6593.000000	2.011719
6594.000000	2.031250
6595.000000	2.128906
6596.000000	2.226562
6597.000000	2.226562
6598.000000	2.343750
6599.000000	2.441406
6600.000000	2.480469
6601.000000	2.578125
6602.000000	2.636719
6603.000000	2.675781
6604.000000	2.753906
6605.000000	2.832031
6606.000000	2.929687
6607.000000	2.988281
6608.000000	3.066406
6609.000000	3.105469
6610.000000	3.203125
6611.000000	3.261719
6612.000000	3.378906
6613.000000	3.417969
6614.000000	3.515625
6615.000000	3.613281
6616.000000	3.671875
6617.000000	3.730469
6618.000000	3.652344
6619.000000	3.886719
6620.000000	3.691406
6621.000000	3.984375
6622.000000	4.003906
6623.000000	3.945312
6624.000000	4.277344
6625.000000	3.964844
6626.000000	4.355469
6627.000000	4.375000
6628.000000	4.179687
6629.000000	4.609375
6630.000000	4.238281
6631.000000	4.550781
6632.000000	4.687500
6633.000000	4.433594
6634.000000	4.824219
6635.000000	4.824219
6636.000000	4.804687
6637.000000	5.058594
6638.000000	4.843750
6639.000000	4.941406
6640.000000	5.136719
6641.000000	5.000000
6642.000000	5.136719
6643.000000	5.292969
6644.000000	5.136719
6645.000000	5.312500
6646.000000	5.371094
6647.000000	5.253906
6648.000000	5.429687
6649.000000	5.429687
6650.000000	5.507812
6651.000000	5.585937
6652.000000	5.527344
6653.000000	5.605469
6654.000000	5.585937
6655.000000	5.703125
6656.000000	5.742187
6657.000000	5.761719
6658.000000	5.781250
6659.000000	5.800781
6660.000000	5.839844
6661.000000	5.859375
6662.000000	5.917969
6663.000000	5.976562
6664.000000	5.957031
6665.000000	5.957031
6666.000000	5.957031
6667.000000	5.957031
6668.000000	5.957031
6669.000000	5.957031
6670.000000	5.937500
6671.000000	5.898437
6672.000000	5.878906
6673.000000	5.820312
6674.000000	5.800781
6675.000000	5.683594
6676.000000	5.683594
6677.000000	5.585937
6678.000000	5.605469
6679.000000	5.507812
6680.000000	5.488281
6681.000000	5.410156
6682.000000	5.332031
6683.000000	5.292969
6684.000000	5.175781
6685.000000	5.175781
6686.000000	5.000000
6687.000000	5.019531
6688.000000	4.843750
6689.000000	4.863281
6690.000000	4.746094
6691.000000	4.667969
6692.000000	4.609375
6693.000000	4.472656
6694.000000	4.433594
6695.000000	4.335937
6696.000000	4.277344
6697.000000	4.140625
6698.000000	4.042969
6699.000000	3.964844
6700.000000	3.847656
6701.000000	3.730469
6702.000000	3.652344
6703.000000	3.515625
6704.000000	3.476562
6705.000000	3.281250
6706.000000	3.261719
6707.000000	3.105469
6708.000000	3.007812
6709.000000	2.929687
6710.000000	2.636719
6711.000000	2.753906
6712.000000	2.421875
6713.000000	2.617187
6714.000000	2.167969
6715.000000	2.500000
6716.000000	2.050781
6717.000000	2.382812
6718.000000	1.875000
6719.000000	2.226562
6720.000000	1.757812
6721.000000	2.148437
6722.000000	1.777344
6723.000000	2.031250
6724.000000	1.640625
6725.000000	1.875000
6726.000000	1.464844
6727.000000	1.816406
6728.000000	1.367187
6729.000000	1.699219
6730.000000	1.289062
6731.000000	1.562500
6732.000000	1.250000
6733.000000	1.425781
6734.000000	1.250000
6735.000000	1.406250
6736.000000	1.230469
6737.000000	1.328125
6738.000000	1.191406
6739.000000	1.250000
6740.000000	1.210937
6741.000000	1.191406
6742.000000	1.230469
6743.000000	1.113281
6744.000000	1.230469
6745.000000	1.152344
6746.000000	1.250000
6747.000000	1.171875
6748.000000	1.250000
6749.000000	1.191406
6750.000000	1.308594
6751.000000	1.269531
6752.000000	1.328125
6753.000000	1.308594
6754.000000	1.367187
6755.000000	1.406250
6756.000000	1.425781
6757.000000	1.445312
6758.000000	1.523437
6759.000000	1.484375
6760.000000	1.621094
6761.000000	1.601562
6762.000000	1.699219
6763.000000	1.699219
6764.000000	1.777344
6765.000000	1.835937
6766.000000	1.875000
6767.000000	1.992187
6768.000000	1.972656
6769.000000	2.089844
6770.000000	2.089844
6771.000000	2.226562
6772.000000	2.265625
6773.000000	2.343750
6774.000000	2.421875
6775.000000	2.460937
6776.000000	2.578125
6777.000000	2.636719
6778.000000	2.753906
6779.000000	2.832031
6780.000000	2.871094
6781.000000	2.988281
6782.000000	3.046875
6783.000000	3.164062
6784.000000	3.261719
6785.000000	3.339844
6786.000000	3.417969
6787.000000	3.496094
6788.000000	3.574219
6789.000000	3.632812
6790.000000	3.730469
6791.000000	3.691406
6792.000000	3.867187
6793.000000	3.730469
6794.000000	4.003906
6795.000000	3.828125
6796.000000	4.160156
6797.000000	3.867187
6798.000000	4.277344
6799.000000	3.964844
6800.000000	4.433594
6801.000000	4.062500
6802.000000	4.609375
6803.000000	4.238281
6804.000000	4.746094
6805.000000	4.375000
6806.000000	4.882812
6807.000000	4.472656
6808.000000	4.980469
6809.000000	4.609375
6810.000000	5.039062
6811.000000	4.707031
6812.000000	5.097656
6813.000000	4.921875
6814.000000	5.195312
6815.000000	5.136719
6816.000000	5.273437
6817.000000	5.253906
6818.000000	5.214844
6819.000000	5.371094
6820.000000	5.234375
6821.000000	5.449219
6822.000000	5.253906
6823.000000	5.488281
6824.000000	5.449219
6825.000000	5.546875
6826.000000	5.585937
6827.000000	5.605469
6828.000000	5.625000
6829.000000	5.585937
6830.000000	5.703125
6831.000000	5.703125
6832.000000	5.781250
6833.000000	5.722656
6834.000000	5.781250
6835.000000	5.820312
6836.000000	5.859375
6837.000000	5.859375
6838.000000	5.898437
6839.000000	5.937500
6840.000000	5.917969
6841.000000	5.937500
6842.000000	5.937500
6843.000000	5.898437
6844.000000	5.917969
6845.000000	5.859375
6846.000000	5.859375
6847.000000	5.742187
6848.000000	5.761719
6849.000000	5.644531
6850.000000	5.683594
6851.000000	5.546875
6852.000000	5.566406
6853.000000	5.429687
6854.000000	5.429687
6855.000000	5.371094
6856.000000	5.292969
6857.000000	5.234375
6858.000000	5.097656
6859.000000	5.097656
6860.000000	4.941406
6861.000000	4.941406
6862.000000	4.765625
6863.000000	4.765625
6864.000000	4.667969
6865.000000	4.570312
6866.000000	4.492187
6867.000000	4.414062
6868.000000	4.316406
6869.000000	4.238281
6870.000000	4.140625
6871.000000	4.042969
6872.000000	4.003906
6873.000000	3.945312
6874.000000	3.789062
6875.000000	3.769531
6876.000000	3.613281
6877.000000	3.535156
6878.000000	3.496094
6879.000000	3.261719
6880.000000	3.300781
6881.000000	3.164062
6882.000000	2.988281
6883.000000	3.085937
6884.000000	2.656250
6885.000000	2.890625
6886.000000	2.421875
6887.000000	2.695312
6888.000000	2.265625
6889.000000	2.460937
6890.000000	2.246094
6891.000000	2.167969
6892.000000	2.265625
6893.000000	1.914062
6894.000000	2.128906
6895.000000	1.894531
6896.000000	1.855469
6897.000000	1.972656
6898.000000	1.601562
6899.000000	1.835937
6900.000000	1.464844
6901.000000	1.679687
6902.000000	1.484375
6903.000000	1.484375
6904.000000	1.542969
6905.000000	1.308594
6906.000000	1.503906
6907.000000	1.289062
6908.000000	1.367187
6909.000000	1.328125
6910.000000	1.230469
6911.000000	1.328125
6912.000000	1.171875
6913.000000	1.230469
6914.000000	1.210937
6915.000000	1.152344
6916.000000	1.250000
6917.000000	1.171875
6918.000000	1.230469
6919.000000	1.191406
6920.000000	1.191406
6921.000000	1.250000
6922.000000	1.191406
6923.000000	1.269531
6924.000000	1.250000
6925.000000	1.269531
6926.000000	1.328125
6927.000000	1.328125
6928.000000	1.406250
6929.000000	1.425781
6930.000000	1.445312
6931.000000	1.484375
6932.000000	1.484375
6933.000000	1.562500
6934.000000	1.582031
6935.000000	1.660156
6936.000000	1.660156
6937.000000	1.738281
6938.000000	1.777344
6939.000000	1.855469
6940.000000	1.914062
6941.000000	1.933594
6942.000000	2.011719
6943.000000	2.050781
6944.000000	2.148437
6945.000000	2.187500
6946.000000	2.265625
6947.000000	2.304687
6948.000000	2.402344
6949.000000	2.480469
6950.000000	2.558594
6951.000000	2.617187
6952.000000	2.734375
6953.000000	2.773437
6954.000000	2.910156
6955.000000	2.929687
6956.000000	3.066406
6957.000000	3.085937
6958.000000	3.242187
6959.000000	3.281250
6960.000000	3.398437
6961.000000	3.437500
6962.000000	3.515625
6963.000000	3.593750
6964.000000	3.632812
6965.000000	3.710937
6966.000000	3.652344
6967.000000	3.808594
6968.000000	3.730469
6969.000000	3.964844
6970.000000	3.867187
6971.000000	4.121094
6972.000000	3.945312
6973.000000	4.316406
6974.000000	4.101562
6975.000000	4.472656
6976.000000	4.218750
6977.000000	4.609375
6978.000000	4.375000
6979.000000	4.785156
6980.000000	4.433594
6981.000000	4.921875
6982.000000	4.511719
6983.000000	5.058594
6984.000000	4.667969
6985.000000	5.117187
6986.000000	4.843750
6987.000000	5.136719
6988.000000	5.078125
6989.000000	5.136719
6990.000000	5.195312
6991.000000	5.039062
6992.000000	5.332031
6993.000000	5.039062
6994.000000	5.351562
6995.000000	5.097656
6996.000000	5.390625
6997.000000	5.234375
6998.000000	5.468750
6999.000000	5.351562
7000.000000	5.546875
7001.000000	5.488281
7002.000000	5.585937
7003.000000	5.546875
7004.000000	5.644531
7005.000000	5.644531
7006.000000	5.722656
7007.000000	5.722656
7008.000000	5.800781
7009.000000	5.839844
7010.000000	5.878906
7011.000000	5.859375
7012.000000	5.859375
7013.000000	5.878906
7014.000000	5.917969
7015.000000	5.898437
7016.000000	5.898437
7017.000000	5.898437
7018.000000	5.917969
7019.000000	5.898437
7020.000000	5.917969
7021.000000	5.878906
7022.000000	5.898437
7023.000000	5.820312
7024.000000	5.839844
7025.000000	5.761719
7026.000000	5.761719
7027.000000	5.703125
7028.000000	5.605469
7029.000000	5.605469
7030.000000	5.468750
7031.000000	5.488281
7032.000000	5.351562
7033.000000	5.332031
7034.000000	5.253906
7035.000000	5.175781
7036.000000	5.156250
7037.000000	5.039062
7038.000000	5.000000
7039.000000	4.921875
7040.000000	4.824219
7041.000000	4.785156
7042.000000	4.628906
7043.000000	4.589844
7044.000000	4.453125
7045.000000	4.433594
7046.000000	4.296875
7047.000000	4.238281
7048.000000	4.140625
7049.000000	4.062500
7050.000000	3.984375
7051.000000	3.886719
7052.000000	3.730469
7053.000000	3.652344
7054.000000	3.476562
7055.000000	3.496094
7056.000000	3.320312
7057.000000	3.242187
7058.000000	3.203125
7059.000000	2.890625
7060.000000	3.007812
7061.000000	2.832031
7062.000000	2.519531
7063.000000	2.753906
7064.000000	2.363281
7065.000000	2.519531
7066.000000	2.343750
7067.000000	2.167969
7068.000000	2.363281
7069.000000	1.914062
7070.000000	2.226562
7071.000000	1.992187
7072.000000	1.953125
7073.000000	2.070312
7074.000000	1.660156
7075.000000	1.855469
7076.000000	1.699219
7077.000000	1.640625
7078.000000	1.679687
7079.000000	1.503906
7080.000000	1.621094
7081.000000	1.445312
7082.000000	1.484375
7083.000000	1.328125
7084.000000	1.425781
7085.000000	1.308594
7086.000000	1.406250
7087.000000	1.308594
7088.000000	1.308594
7089.000000	1.269531
7090.000000	1.269531
7091.000000	1.210937
7092.000000	1.191406
7093.000000	1.171875
7094.000000	1.250000
7095.000000	1.171875
7096.000000	1.250000
7097.000000	1.171875
7098.000000	1.250000
7099.000000	1.191406
7100.000000	1.269531
7101.000000	1.210937
7102.000000	1.269531
7103.000000	1.250000
7104.000000	1.308594
7105.000000	1.347656
7106.000000	1.367187
7107.000000	1.406250
7108.000000	1.406250
7109.000000	1.484375
7110.000000	1.484375
7111.000000	1.582031
7112.000000	1.542969
7113.000000	1.640625
7114.000000	1.660156
7115.000000	1.738281
7116.000000	1.796875
7117.000000	1.796875
7118.000000	1.914062
7119.000000	1.894531
7120.000000	2.031250
7121.000000	2.089844
7122.000000	2.128906
7123.000000	2.226562
7124.000000	2.207031
7125.000000	2.324219
7126.000000	2.343750
7127.000000	2.460937
7128.000000	2.500000
7129.000000	2.597656
7130.000000	2.636719
7131.000000	2.753906
7132.000000	2.812500
7133.000000	2.910156
7134.000000	2.988281
7135.000000	3.046875
7136.000000	3.144531
7137.000000	3.222656
7138.000000	3.320312
7139.000000	3.359375
7140.000000	3.437500
7141.000000	3.515625
7142.000000	3.593750
7143.000000	3.671875
7144.000000	3.691406
7145.000000	3.808594
7146.000000	3.828125
7147.000000	3.867187
7148.000000	4.042969
7149.000000	3.906250
7150.000000	4.238281
7151.000000	4.121094
7152.000000	4.296875
7153.000000	4.511719
7154.000000	4.199219
7155.000000	4.550781
7156.000000	4.511719
7157.000000	4.453125
7158.000000	4.863281
7159.000000	4.492187
7160.000000	4.921875
7161.000000	5.019531
7162.000000	4.746094
7163.000000	5.156250
7164.000000	4.941406
7165.000000	4.863281
7166.000000	5.253906
7167.000000	5.156250
7168.000000	5.097656
7169.000000	5.371094
7170.000000	5.214844
7171.000000	5.312500
7172.000000	5.468750
7173.000000	5.273437
7174.000000	5.566406
7175.000000	5.664062
7176.000000	5.742187
7177.000000	5.781250
7178.000000	5.742187
7179.000000	5.781250
7180.000000	5.800781
7181.000000	5.859375
7182.000000	5.859375
7183.000000	5.859375
7184.000000	5.898437
7185.000000	5.976562
7186.000000	6.054687
7187.000000	6.074219
7188.000000	6.054687
7189.000000	6.015625
7190.000000	6.015625
7191.000000	5.996094
7192.000000	6.035156
7193.000000	6.015625
7194.000000	5.996094
7195.000000	5.976562
7196.000000	5.898437
7197.000000	5.937500
7198.000000	5.878906
7199.000000	5.898437
7200.000000	5.859375
7201.000000	5.761719
7202.000000	5.781250
7203.000000	5.664062
7204.000000	5.703125
7205.000000	5.644531
7206.000000	5.527344
7207.000000	5.527344
7208.000000	5.371094
7209.000000	5.410156
7210.000000	5.351562
7211.000000	5.234375
7212.000000	5.234375
7213.000000	5.039062
7214.000000	5.058594
7215.000000	4.941406
7216.000000	4.941406
7217.000000	4.843750
7218.000000	4.765625
7219.000000	4.648437
7220.000000	4.589844
7221.000000	4.492187
7222.000000	4.414062
7223.000000	4.277344
7224.000000	4.218750
7225.000000	4.140625
7226.000000	4.062500
7227.000000	3.945312
7228.000000	3.847656
7229.000000	3.769531
7230.000000	3.671875
7231.000000	3.632812
7232.000000	3.476562
7233.000000	3.457031
7234.000000	3.261719
7235.000000	3.320312
7236.000000	3.085937
7237.000000	3.144531
7238.000000	2.871094
7239.000000	2.968750
7240.000000	2.734375
7241.000000	2.773437
7242.000000	2.460937
7243.000000	2.578125
7244.000000	2.343750
7245.000000	2.460937
7246.000000	2.148437
7247.000000	2.285156
7248.000000	1.953125
7249.000000	2.109375
7250.000000	1.933594
7251.000000	1.972656
7252.000000	1.796875
7253.000000	1.796875
7254.000000	1.777344
7255.000000	1.582031
7256.000000	1.660156
7257.000000	1.503906
7258.000000	1.601562
7259.000000	1.425781
7260.000000	1.542969
7261.000000	1.367187
7262.000000	1.464844
7263.000000	1.250000
7264.000000	1.425781
7265.000000	1.210937
7266.000000	1.386719
7267.000000	1.171875
7268.000000	1.347656
7269.000000	1.152344
7270.000000	1.289062
7271.000000	1.152344
7272.000000	1.250000
7273.000000	1.171875
7274.000000	1.250000
7275.000000	1.191406
7276.000000	1.191406
7277.000000	1.230469
7278.000000	1.191406
7279.000000	1.289062
7280.000000	1.191406
7281.000000	1.308594
7282.000000	1.269531
7283.000000	1.367187
7284.000000	1.328125
7285.000000	1.386719
7286.000000	1.425781
7287.000000	1.445312
7288.000000	1.503906
7289.000000	1.484375
7290.000000	1.601562
7291.000000	1.562500
7292.000000	1.679687
7293.000000	1.640625
7294.000000	1.777344
7295.000000	1.757812
7296.000000	1.894531
7297.000000	1.875000
7298.000000	2.011719
7299.000000	1.992187
7300.000000	2.148437
7301.000000	2.128906
7302.000000	2.265625
7303.000000	2.265625
7304.000000	2.402344
7305.000000	2.480469
7306.000000	2.558594
7307.000000	2.636719
7308.000000	2.675781
7309.000000	2.792969
7310.000000	2.851562
7311.000000	2.968750
7312.000000	2.988281
7313.000000	3.125000
7314.000000	3.183594
7315.000000	3.281250
7316.000000	3.378906
7317.000000	3.457031
7318.000000	3.515625
7319.000000	3.574219
7320.000000	3.613281
7321.000000	3.710937
7322.000000	3.691406
7323.000000	3.808594
7324.000000	3.750000
7325.000000	3.886719
7326.000000	3.886719
7327.000000	3.984375
7328.000000	4.023437
7329.000000	4.062500
7330.000000	4.218750
7331.000000	4.199219
7332.000000	4.316406
7333.000000	4.511719
7334.000000	4.355469
7335.000000	4.746094
7336.000000	4.433594
7337.000000	4.882812
7338.000000	4.531250
7339.000000	5.019531
7340.000000	4.687500
7341.000000	5.078125
7342.000000	4.746094
7343.000000	5.156250
7344.000000	4.863281
7345.000000	5.253906
7346.000000	4.980469
7347.000000	5.292969
7348.000000	5.156250
7349.000000	5.292969
7350.000000	5.351562
7351.000000	5.234375
7352.000000	5.429687
7353.000000	5.253906
7354.000000	5.488281
7355.000000	5.410156
7356.000000	5.546875
7357.000000	5.566406
7358.000000	5.527344
7359.000000	5.644531
7360.000000	5.644531
7361.000000	5.644531
7362.000000	5.742187
7363.000000	5.781250
7364.000000	5.859375
7365.000000	5.839844
7366.000000	5.859375
7367.000000	5.898437
7368.000000	5.976562
7369.000000	5.996094
7370.000000	5.976562
7371.000000	5.976562
7372.000000	5.976562
7373.000000	5.976562
7374.000000	5.996094
7375.000000	5.957031
7376.000000	5.957031
7377.000000	5.878906
7378.000000	5.859375
7379.000000	5.859375
7380.000000	5.839844
7381.000000	5.800781
7382.000000	5.742187
7383.000000	5.703125
7384.000000	5.625000
7385.000000	5.605469
7386.000000	5.488281
7387.000000	5.468750
7388.000000	5.332031
7389.000000	5.312500
7390.000000	5.273437
7391.000000	5.136719
7392.000000	5.136719
7393.000000	5.019531
7394.000000	4.980469
7395.000000	4.882812
7396.000000	4.804687
7397.000000	4.765625
7398.000000	4.628906
7399.000000	4.570312
7400.000000	4.414062
7401.000000	4.375000
7402.000000	4.238281
7403.000000	4.179687
7404.000000	4.082031
7405.000000	4.003906
7406.000000	3.906250
7407.000000	3.808594
7408.000000	3.652344
7409.000000	3.632812
7410.000000	3.496094
7411.000000	3.417969
7412.000000	3.320312
7413.000000	3.144531
7414.000000	3.144531
7415.000000	2.871094
7416.000000	2.968750
7417.000000	2.617187
7418.000000	2.832031
7419.000000	2.402344
7420.000000	2.695312
7421.000000	2.265625
7422.000000	2.480469
7423.000000	2.089844
7424.000000	2.285156
7425.000000	2.070312
7426.000000	2.011719
7427.000000	2.148437
7428.000000	1.875000
7429.000000	2.089844
7430.000000	1.738281
7431.000000	2.031250
7432.000000	1.660156
7433.000000	1.835937
7434.000000	1.601562
7435.000000	1.621094
7436.000000	1.699219
7437.000000	1.464844
7438.000000	1.621094
7439.000000	1.367187
7440.000000	1.464844
7441.000000	1.425781
7442.000000	1.347656
7443.000000	1.406250
7444.000000	1.250000
7445.000000	1.328125
7446.000000	1.210937
7447.000000	1.269531
7448.000000	1.230469
7449.000000	1.191406
7450.000000	1.230469
7451.000000	1.152344
7452.000000	1.230469
7453.000000	1.210937
7454.000000	1.191406
7455.000000	1.210937
7456.000000	1.152344
7457.000000	1.210937
7458.000000	1.210937
7459.000000	1.269531
7460.000000	1.269531
7461.000000	1.289062
7462.000000	1.308594
7463.000000	1.328125
7464.000000	1.406250
7465.000000	1.406250
7466.000000	1.484375
7467.000000	1.445312
7468.000000	1.542969
7469.000000	1.562500
7470.000000	1.660156
7471.000000	1.640625
7472.000000	1.757812
7473.000000	1.738281
7474.000000	1.875000
7475.000000	1.855469
7476.000000	1.992187
7477.000000	1.953125
7478.000000	2.109375
7479.000000	2.109375
7480.000000	2.246094
7481.000000	2.246094
7482.000000	2.382812
7483.000000	2.441406
7484.000000	2.539062
7485.000000	2.578125
7486.000000	2.695312
7487.000000	2.695312
7488.000000	2.851562
7489.000000	2.910156
7490.000000	3.007812
7491.000000	3.046875
7492.000000	3.183594
7493.000000	3.261719
7494.000000	3.359375
7495.000000	3.437500
7496.000000	3.515625
7497.000000	3.593750
7498.000000	3.691406
7499.000000	3.730469
7500.000000	3.789062
7501.000000	3.730469
7502.000000	3.925781
7503.000000	3.886719
7504.000000	4.160156
7505.000000	4.062500
7506.000000	4.277344
7507.000000	4.238281
7508.000000	4.394531
7509.000000	4.453125
7510.000000	4.316406
7511.000000	4.648437
7512.000000	4.218750
7513.000000	4.726562
7514.000000	4.277344
7515.000000	4.863281
7516.000000	4.394531
7517.000000	4.941406
7518.000000	4.511719
7519.000000	5.019531
7520.000000	4.726562
7521.000000	5.097656
7522.000000	4.843750
7523.000000	5.214844
7524.000000	5.000000
7525.000000	5.312500
7526.000000	5.058594
7527.000000	5.332031
7528.000000	5.136719
7529.000000	5.410156
7530.000000	5.234375
7531.000000	5.468750
7532.000000	5.351562
7533.000000	5.527344
7534.000000	5.449219
7535.000000	5.605469
7536.000000	5.566406
7537.000000	5.644531
7538.000000	5.664062
7539.000000	5.781250
7540.000000	5.761719
7541.000000	5.761719
7542.000000	5.820312
7543.000000	5.878906
7544.000000	5.917969
7545.000000	5.917969
7546.000000	5.937500
7547.000000	5.917969
7548.000000	5.957031
7549.000000	5.976562
7550.000000	5.976562
7551.000000	5.957031
7552.000000	5.937500
7553.000000	5.937500
7554.000000	5.917969
7555.000000	5.917969
7556.000000	5.859375
7557.000000	5.820312
7558.000000	5.800781
7559.000000	5.742187
7560.000000	5.703125
7561.000000	5.605469
7562.000000	5.605469
7563.000000	5.488281
7564.000000	5.527344
7565.000000	5.371094
7566.000000	5.410156
7567.000000	5.332031
7568.000000	5.234375
7569.000000	5.195312
7570.000000	5.078125
7571.000000	5.058594
7572.000000	4.941406
7573.000000	4.902344
7574.000000	4.765625
7575.000000	4.726562
7576.000000	4.648437
7577.000000	4.550781
7578.000000	4.492187
7579.000000	4.375000
7580.000000	4.296875
7581.000000	4.218750
7582.000000	4.121094
7583.000000	4.023437
7584.000000	3.925781
7585.000000	3.808594
7586.000000	3.710937
7587.000000	3.613281
7588.000000	3.496094
7589.000000	3.417969
7590.000000	3.261719
7591.000000	3.261719
7592.000000	2.988281
7593.000000	3.046875
7594.000000	2.714844
7595.000000	2.871094
7596.000000	2.500000
7597.000000	2.773437
7598.000000	2.285156
7599.000000	2.441406
7600.000000	2.265625
7601.000000	2.187500
7602.000000	2.187500
7603.000000	1.992187
7604.000000	2.226562
7605.000000	1.835937
7606.000000	2.148437
7607.000000	1.699219
7608.000000	2.031250
7609.000000	1.601562
7610.000000	1.894531
7611.000000	1.582031
7612.000000	1.738281
7613.000000	1.542969
7614.000000	1.582031
7615.000000	1.542969
7616.000000	1.367187
7617.000000	1.542969
7618.000000	1.269531
7619.000000	1.464844
7620.000000	1.250000
7621.000000	1.406250
7622.000000	1.191406
7623.000000	1.347656
7624.000000	1.191406
7625.000000	1.308594
7626.000000	1.171875
7627.000000	1.269531
7628.000000	1.171875
7629.000000	1.230469
7630.000000	1.171875
7631.000000	1.230469
7632.000000	1.152344
7633.000000	1.191406
7634.000000	1.210937
7635.000000	1.210937
7636.000000	1.289062
7637.000000	1.230469
7638.000000	1.308594
7639.000000	1.289062
7640.000000	1.347656
7641.000000	1.386719
7642.000000	1.406250
7643.000000	1.445312
7644.000000	1.445312
7645.000000	1.523437
7646.000000	1.523437
7647.000000	1.621094
7648.000000	1.640625
7649.000000	1.679687
7650.000000	1.738281
7651.000000	1.757812
7652.000000	1.894531
7653.000000	1.875000
7654.000000	1.992187
7655.000000	2.031250
7656.000000	2.109375
7657.000000	2.187500
7658.000000	2.207031
7659.000000	2.343750
7660.000000	2.343750
7661.000000	2.421875
7662.000000	2.519531
7663.000000	2.539062
7664.000000	2.675781
7665.000000	2.734375
7666.000000	2.812500
7667.000000	2.890625
7668.000000	2.949219
7669.000000	3.027344
7670.000000	3.105469
7671.000000	3.203125
7672.000000	3.281250
7673.000000	3.339844
7674.000000	3.398437
7675.000000	3.496094
7676.000000	3.554687
7677.000000	3.691406
7678.000000	3.730469
7679.000000	3.730469
7680.000000	3.847656
7681.000000	3.867187
7682.000000	3.925781
7683.000000	4.062500
7684.000000	3.847656
7685.000000	4.121094
7686.000000	3.984375
7687.000000	4.082031
7688.000000	4.335937
7689.000000	4.023437
7690.000000	4.472656
7691.000000	4.414062
7692.000000	4.296875
7693.000000	4.707031
7694.000000	4.414062
7695.000000	4.511719
7696.000000	4.843750
7697.000000	4.550781
7698.000000	4.960937
7699.000000	4.824219
7700.000000	5.175781
7701.000000	5.136719
7702.000000	5.292969
7703.000000	5.234375
7704.000000	5.292969
7705.000000	5.332031
7706.000000	5.332031
7707.000000	5.410156
7708.000000	5.292969
7709.000000	5.449219
7710.000000	5.351562
7711.000000	5.527344
7712.000000	5.507812
7713.000000	5.664062
7714.000000	5.488281
7715.000000	5.605469
7716.000000	5.410156
7717.000000	5.664062
7718.000000	5.644531
7719.000000	5.761719
7720.000000	5.781250
7721.000000	5.742187
7722.000000	5.800781
7723.000000	5.800781
7724.000000	5.917969
7725.000000	5.839844
7726.000000	5.898437
7727.000000	5.917969
7728.000000	5.937500
7729.000000	5.976562
7730.000000	5.937500
7731.000000	5.957031
7732.000000	5.898437
7733.000000	5.937500
7734.000000	5.898437
7735.000000	5.917969
7736.000000	5.839844
7737.000000	5.820312
7738.000000	5.781250
7739.000000	5.722656
7740.000000	5.703125
7741.000000	5.566406
7742.000000	5.566406
7743.000000	5.449219
7744.000000	5.507812
7745.000000	5.351562
7746.000000	5.371094
7747.000000	5.234375
7748.000000	5.253906
7749.000000	5.117187
7750.000000	5.117187
7751.000000	4.960937
7752.000000	4.960937
7753.000000	4.863281
7754.000000	4.824219
7755.000000	4.707031
7756.000000	4.667969
7757.000000	4.570312
7758.000000	4.492187
7759.000000	4.414062
7760.000000	4.277344
7761.000000	4.238281
7762.000000	4.121094
7763.000000	4.082031
7764.000000	3.964844
7765.000000	3.886719
7766.000000	3.808594
7767.000000	3.730469
7768.000000	3.632812
7769.000000	3.496094
7770.000000	3.457031
7771.000000	3.300781
7772.000000	3.281250
7773.000000	3.105469
7774.000000	3.046875
7775.000000	2.929687
7776.000000	2.871094
7777.000000	2.714844
7778.000000	2.558594
7779.000000	2.558594
7780.000000	2.382812
7781.000000	2.402344
7782.000000	2.109375
7783.000000	2.187500
7784.000000	1.992187
7785.000000	1.992187
7786.000000	1.972656
7787.000000	1.855469
7788.000000	1.777344
7789.000000	1.699219
7790.000000	1.738281
7791.000000	1.562500
7792.000000	1.523437
7793.000000	1.621094
7794.000000	1.347656
7795.000000	1.621094
7796.000000	1.250000
7797.000000	1.562500
7798.000000	1.250000
7799.000000	1.464844
7800.000000	1.230469
7801.000000	1.386719
7802.000000	1.230469
7803.000000	1.328125
7804.000000	1.191406
7805.000000	1.289062
7806.000000	1.152344
7807.000000	1.250000
7808.000000	1.230469
7809.000000	1.230469
7810.000000	1.210937
7811.000000	1.191406
7812.000000	1.230469
7813.000000	1.230469
7814.000000	1.210937
7815.000000	1.250000
7816.000000	1.210937
7817.000000	1.308594
7818.000000	1.289062
7819.000000	1.308594
7820.000000	1.386719
7821.000000	1.347656
7822.000000	1.425781
7823.000000	1.445312
7824.000000	1.503906
7825.000000	1.562500
7826.000000	1.562500
7827.000000	1.640625
7828.000000	1.621094
7829.000000	1.738281
7830.000000	1.777344
7831.000000	1.816406
7832.000000	1.894531
7833.000000	1.894531
7834.000000	1.992187
7835.000000	2.031250
7836.000000	2.128906
7837.000000	2.187500
7838.000000	2.226562
7839.000000	2.324219
7840.000000	2.343750
7841.000000	2.480469
7842.000000	2.519531
7843.000000	2.636719
7844.000000	2.675781
7845.000000	2.773437
7846.000000	2.832031
7847.000000	2.910156
7848.000000	3.007812
7849.000000	3.066406
7850.000000	3.144531
7851.000000	3.222656
7852.000000	3.320312
7853.000000	3.398437
7854.000000	3.457031
7855.000000	3.535156
7856.000000	3.632812
7857.000000	3.730469
7858.000000	3.789062
7859.000000	3.847656
7860.000000	3.925781
7861.000000	3.964844
7862.000000	4.003906
7863.000000	4.042969
7864.000000	4.042969
7865.000000	4.140625
7866.000000	4.140625
7867.000000	4.355469
7868.000000	4.257812
7869.000000	4.511719
7870.000000	4.218750
7871.000000	4.628906
7872.000000	4.179687
7873.000000	4.726562
7874.000000	4.296875
7875.000000	4.765625
7876.000000	4.628906
7877.000000	4.785156
7878.000000	4.804687
7879.000000	4.746094
7880.000000	5.078125
7881.000000	4.824219
7882.000000	5.195312
7883.000000	4.902344
7884.000000	5.292969
7885.000000	4.941406
7886.000000	5.273437
7887.000000	5.214844
7888.000000	5.351562
7889.000000	5.488281
7890.000000	5.546875
7891.000000	5.683594
7892.000000	5.566406
7893.000000	5.625000
7894.000000	5.507812
7895.000000	5.625000
7896.000000	5.527344
7897.000000	5.644531
7898.000000	5.644531
7899.000000	5.781250
7900.000000	5.839844
7901.000000	5.859375
7902.000000	5.839844
7903.000000	5.898437
7904.000000	5.917969
7905.000000	5.957031
7906.000000	5.996094
7907.000000	6.054687
7908.000000	6.054687
7909.000000	6.035156
7910.000000	6.015625
7911.000000	5.976562
7912.000000	5.957031
7913.000000	5.937500
7914.000000	5.937500
7915.000000	5.898437
7916.000000	5.859375
7917.000000	5.800781
7918.000000	5.781250
7919.000000	5.761719
7920.000000	5.703125
7921.000000	5.664062
7922.000000	5.566406
7923.000000	5.546875
7924.000000	5.429687
7925.000000	5.429687
7926.000000	5.312500
7927.000000	5.292969
7928.000000	5.214844
7929.000000	5.136719
7930.000000	5.117187
7931.000000	4.921875
7932.000000	4.941406
7933.000000	4.804687
7934.000000	4.707031
7935.000000	4.648437
7936.000000	4.511719
7937.000000	4.472656
7938.000000	4.414062
7939.000000	4.257812
7940.000000	4.199219
7941.000000	4.121094
7942.000000	4.003906
7943.000000	3.906250
7944.000000	3.847656
7945.000000	3.710937
7946.000000	3.652344
7947.000000	3.515625
7948.000000	3.417969
7949.000000	3.398437
7950.000000	3.144531
7951.000000	3.183594
7952.000000	2.890625
7953.000000	2.871094
7954.000000	2.910156
7955.000000	2.539062
7956.000000	2.714844
7957.000000	2.578125
7958.000000	2.343750
7959.000000	2.539062
7960.000000	2.089844
7961.000000	2.187500
7962.000000	2.304687
7963.000000	1.933594
7964.000000	2.050781
7965.000000	2.109375
7966.000000	1.699219
7967.000000	1.933594
7968.000000	1.816406
7969.000000	1.523437
7970.000000	1.855469
7971.000000	1.542969
7972.000000	1.640625
7973.000000	1.601562
7974.000000	1.367187
7975.000000	1.542969
7976.000000	1.347656
7977.000000	1.386719
7978.000000	1.425781
7979.000000	1.230469
7980.000000	1.308594
7981.000000	1.308594
7982.000000	1.191406
7983.000000	1.308594
7984.000000	1.191406
7985.000000	1.269531
7986.000000	1.152344
7987.000000	1.230469
7988.000000	1.171875
7989.000000	1.230469
7990.000000	1.191406
7991.000000	1.230469
7992.000000	1.191406
7993.000000	1.250000
7994.000000	1.230469
7995.000000	1.269531
7996.000000	1.250000
7997.000000	1.308594
7998.000000	1.328125
7999.000000	1.367187
8000.000000	1.386719
8001.000000	1.406250
8002.000000	1.445312
8003.000000	1.503906
8004.000000	1.542969
8005.000000	1.582031
8006.000000	1.582031
8007.000000	1.679687
8008.000000	1.718750
8009.000000	1.757812
8010.000000	1.816406
8011.000000	1.855469
8012.000000	1.972656
8013.000000	1.953125
8014.000000	2.109375
8015.000000	2.070312
8016.000000	2.207031
8017.000000	2.207031
8018.000000	2.363281
8019.000000	2.363281
8020.000000	2.500000
8021.000000	2.519531
8022.000000	2.617187
8023.000000	2.714844
8024.000000	2.792969
8025.000000	2.871094
8026.000000	2.910156
8027.000000	3.027344
8028.000000	3.066406
8029.000000	3.203125
8030.000000	3.261719
8031.000000	3.359375
8032.000000	3.417969
8033.000000	3.535156
8034.000000	3.613281
8035.000000	3.691406
8036.000000	3.769531
8037.000000	3.828125
8038.000000	3.945312
8039.000000	3.964844
8040.000000	4.042969
8041.000000	4.042969
8042.000000	4.082031
8043.000000	4.218750
8044.000000	4.042969
8045.000000	4.394531
8046.000000	4.101562
8047.000000	4.511719
8048.000000	4.296875
8049.000000	4.589844
8050.000000	4.589844
8051.000000	4.511719
8052.000000	4.726562
8053.000000	4.511719
8054.000000	4.941406
8055.000000	4.648437
8056.000000	5.078125
8057.000000	4.687500
8058.000000	5.117187
8059.000000	4.785156
8060.000000	5.175781
8061.000000	5.039062
8062.000000	5.253906
8063.000000	5.175781
8064.000000	5.312500
8065.000000	5.429687
8066.000000	5.234375
8067.000000	5.429687
8068.000000	5.253906
8069.000000	5.527344
8070.000000	5.312500
8071.000000	5.625000
8072.000000	5.605469
8073.000000	5.839844
8074.000000	5.800781
8075.000000	5.917969
8076.000000	5.859375
8077.000000	5.859375
8078.000000	5.800781
8079.000000	5.878906
8080.000000	5.878906
8081.000000	5.917969
8082.000000	5.839844
8083.000000	5.917969
8084.000000	5.878906
8085.000000	5.937500
8086.000000	5.937500
8087.000000	5.976562
8088.000000	5.937500
8089.000000	5.957031
8090.000000	5.898437
8091.000000	5.917969
8092.000000	5.859375
8093.000000	5.859375
8094.000000	5.761719
8095.000000	5.781250
8096.000000	5.722656
8097.000000	5.742187
8098.000000	5.644531
8099.000000	5.625000
8100.000000	5.527344
8101.000000	5.527344
8102.000000	5.410156
8103.000000	5.390625
8104.000000	5.253906
8105.000000	5.234375
8106.000000	5.097656
8107.000000	5.117187
8108.000000	4.960937
8109.000000	4.960937
8110.000000	4.882812
8111.000000	4.785156
8112.000000	4.765625
8113.000000	4.648437
8114.000000	4.589844
8115.000000	4.492187
8116.000000	4.394531
8117.000000	4.335937
8118.000000	4.277344
8119.000000	4.179687
8120.000000	4.082031
8121.000000	4.042969
8122.000000	3.945312
8123.000000	3.789062
8124.000000	3.750000
8125.000000	3.652344
8126.000000	3.554687
8127.000000	3.496094
8128.000000	3.281250
8129.000000	3.300781
8130.000000	3.066406
8131.000000	3.125000
8132.000000	2.851562
8133.000000	2.890625
8134.000000	2.753906
8135.000000	2.617187
8136.000000	2.597656
8137.000000	2.421875
8138.000000	2.500000
8139.000000	2.148437
8140.000000	2.265625
8141.000000	2.031250
8142.000000	2.050781
8143.000000	1.933594
8144.000000	2.011719
8145.000000	1.816406
8146.000000	1.875000
8147.000000	1.660156
8148.000000	1.855469
8149.000000	1.445312
8150.000000	1.757812
8151.000000	1.386719
8152.000000	1.640625
8153.000000	1.367187
8154.000000	1.542969
8155.000000	1.386719
8156.000000	1.406250
8157.000000	1.445312
8158.000000	1.289062
8159.000000	1.445312
8160.000000	1.210937
8161.000000	1.367187
8162.000000	1.191406
8163.000000	1.230469
8164.000000	1.191406
8165.000000	1.210937
8166.000000	1.250000
8167.000000	1.152344
8168.000000	1.230469
8169.000000	1.171875
8170.000000	1.230469
8171.000000	1.152344
8172.000000	1.230469
8173.000000	1.210937
8174.000000	1.250000
8175.000000	1.250000
8176.000000	1.269531
8177.000000	1.269531
8178.000000	1.269531
8179.000000	1.328125
8180.000000	1.347656
8181.000000	1.367187
8182.000000	1.367187
8183.000000	1.464844
8184.000000	1.503906
8185.000000	1.523437
8186.000000	1.582031
8187.000000	1.601562
8188.000000	1.718750
8189.000000	1.679687
8190.000000	1.816406
8191.000000	1.796875
8192.000000	1.953125
8193.000000	1.933594
8194.000000	2.050781
8195.000000	2.050781
8196.000000	2.207031
8197.000000	2.187500
8198.000000	2.324219
8199.000000	2.324219
8200.000000	2.480469
8201.000000	2.500000
8202.000000	2.656250
8203.000000	2.675781
8204.000000	2.812500
8205.000000	2.832031
8206.000000	3.007812
8207.000000	3.007812
8208.000000	3.164062
8209.000000	3.222656
8210.000000	3.320312
8211.000000	3.417969
8212.000000	3.496094
8213.000000	3.574219
8214.000000	3.652344
8215.000000	3.730469
8216.000000	3.789062
8217.000000	3.886719
8218.000000	3.867187
8219.000000	4.042969
8220.000000	3.886719
8221.000000	4.023437
8222.000000	4.082031
8223.000000	3.964844
8224.000000	4.335937
8225.000000	4.062500
8226.000000	4.394531
8227.000000	4.355469
8228.000000	4.296875
8229.000000	4.570312
8230.000000	4.296875
8231.000000	4.785156
8232.000000	4.355469
8233.000000	4.687500
8234.000000	4.628906
8235.000000	4.667969
8236.000000	5.000000
8237.000000	4.726562
8238.000000	5.117187
8239.000000	4.902344
8240.000000	5.175781
8241.000000	5.097656
8242.000000	5.078125
8243.000000	5.312500
8244.000000	5.156250
8245.000000	5.468750
8246.000000	5.351562
8247.000000	5.605469
8248.000000	5.410156
8249.000000	5.605469
8250.000000	5.585937
8251.000000	5.585937
8252.000000	5.644531
8253.000000	5.566406
8254.000000	5.683594
8255.000000	5.546875
8256.000000	5.703125
8257.000000	5.820312
8258.000000	5.839844
8259.000000	5.839844
8260.000000	5.800781
8261.000000	5.839844
8262.000000	5.859375
8263.000000	5.937500
8264.000000	5.996094
8265.000000	5.996094
8266.000000	5.996094
8267.000000	6.015625
8268.000000	6.035156
8269.000000	5.976562
8270.000000	5.957031
8271.000000	5.976562
8272.000000	5.976562
8273.000000	5.957031
8274.000000	5.917969
8275.000000	5.878906
8276.000000	5.859375
8277.000000	5.820312
8278.000000	5.781250
8279.000000	5.722656
8280.000000	5.664062
8281.000000	5.625000
8282.000000	5.546875
8283.000000	5.527344
8284.000000	5.390625
8285.000000	5.410156
8286.000000	5.312500
8287.000000	5.292969
8288.000000	5.175781
8289.000000	5.175781
8290.000000	5.078125
8291.000000	5.058594
8292.000000	4.941406
8293.000000	4.882812
8294.000000	4.765625
8295.000000	4.746094
8296.000000	4.609375
8297.000000	4.550781
8298.000000	4.433594
8299.000000	4.335937
8300.000000	4.277344
8301.000000	4.199219
8302.000000	4.101562
8303.000000	4.042969
8304.000000	3.906250
8305.000000	3.847656
8306.000000	3.730469
8307.000000	3.730469
8308.000000	3.554687
8309.000000	3.554687
8310.000000	3.339844
8311.000000	3.398437
8312.000000	3.144531
8313.000000	3.203125
8314.000000	3.007812
8315.000000	2.968750
8316.000000	2.929687
8317.000000	2.695312
8318.000000	2.753906
8319.000000	2.460937
8320.000000	2.558594
8321.000000	2.304687
8322.000000	2.421875
8323.000000	2.148437
8324.000000	2.246094
8325.000000	2.011719
8326.000000	2.089844
8327.000000	1.914062
8328.000000	1.894531
8329.000000	1.796875
8330.000000	1.738281
8331.000000	1.816406
8332.000000	1.523437
8333.000000	1.738281
8334.000000	1.425781
8335.000000	1.679687
8336.000000	1.328125
8337.000000	1.562500
8338.000000	1.308594
8339.000000	1.464844
8340.000000	1.289062
8341.000000	1.367187
8342.000000	1.269531
8343.000000	1.269531
8344.000000	1.210937
8345.000000	1.289062
8346.000000	1.191406
8347.000000	1.230469
8348.000000	1.191406
8349.000000	1.230469
8350.000000	1.191406
8351.000000	1.191406
8352.000000	1.210937
8353.000000	1.210937
8354.000000	1.250000
8355.000000	1.230469
8356.000000	1.289062
8357.000000	1.269531
8358.000000	1.367187
8359.000000	1.328125
8360.000000	1.386719
8361.000000	1.386719
8362.000000	1.445312
8363.000000	1.503906
8364.000000	1.464844
8365.000000	1.582031
8366.000000	1.542969
8367.000000	1.621094
8368.000000	1.679687
8369.000000	1.718750
8370.000000	1.796875
8371.000000	1.796875
8372.000000	1.914062
8373.000000	1.914062
8374.000000	2.050781
8375.000000	2.050781
8376.000000	2.167969
8377.000000	2.187500
8378.000000	2.285156
8379.000000	2.343750
8380.000000	2.421875
8381.000000	2.460937
8382.000000	2.519531
8383.000000	2.597656
8384.000000	2.656250
8385.000000	2.753906
8386.000000	2.812500
8387.000000	2.910156
8388.000000	2.988281
8389.000000	3.105469
8390.000000	3.222656
8391.000000	3.300781
8392.000000	3.417969
8393.000000	3.476562
8394.000000	3.574219
8395.000000	3.652344
8396.000000	3.750000
8397.000000	3.769531
8398.000000	3.828125
8399.000000	3.730469
8400.000000	3.906250
8401.000000	3.867187
8402.000000	3.945312
8403.000000	4.082031
8404.000000	3.964844
8405.000000	4.296875
8406.000000	3.828125
8407.000000	4.199219
8408.000000	4.140625
8409.000000	4.296875
8410.000000	4.394531
8411.000000	4.062500
8412.000000	4.589844
8413.000000	4.472656
