SpectrumName : dünnes Papier.SPC
XUnit        : 
YUnit        : 
Length       : 2048
SubSpcNum    : 1
StartSubSpc  : 0
StopSubSpc   : 0
Comment      : 
Realtime     : 602.054
Livetime     : 600.000
Deadtime     : 2.054
Starttime    : 30.01.2023 14:33:39
Stoptime     : 30.01.2023 14:43:41
CalibCoeff   : a=0.000000000E+000 b=0.000000000E+000 c=0.000000000E+000 d=0.000000000E+000
SpectrumText : 0 
87,75,80,68,79,71,77,85
84,66,89,84,80,68,75,71
65,75,73,71,60,76,83,79
89,66,72,70,73,77,64,63
61,74,70,78,76,62,55,78
59,81,71,80,77,59,73,71
54,77,69,54,65,59,53,68
70,61,64,67,53,56,63,55
57,56,64,77,63,57,56,62
61,55,52,49,64,61,66,59
56,67,66,55,65,65,49,55
55,62,60,63,61,68,45,53
52,56,61,47,45,55,58,39
60,50,66,52,44,59,49,55
50,52,74,63,60,58,52,58
64,63,48,55,66,50,41,71
55,53,52,56,56,56,49,44
64,73,43,56,64,63,60,51
51,65,57,75,59,66,66,47
52,64,66,70,54,56,56,84
60,60,62,64,49,52,60,50
72,57,56,64,65,55,68,60
56,53,59,57,68,59,54,65
48,66,66,61,67,55,59,75
82,68,53,61,55,71,63,64
55,64,60,62,82,69,50,82
57,52,66,72,69,62,44,57
52,64,54,68,84,67,65,59
66,49,65,66,70,72,62,71
69,60,83,80,69,83,53,73
55,52,70,73,64,67,66,64
69,65,63,70,85,66,62,66
58,60,63,71,70,76,74,71
80,85,66,77,65,51,63,59
68,69,75,59,56,67,69,70
68,53,70,63,58,62,62,84
76,72,61,57,78,53,64,73
57,66,59,65,65,76,55,66
73,60,69,76,71,65,91,80
61,52,72,61,65,65,64,60
59,65,63,78,61,67,68,71
63,68,67,67,59,58,69,68
57,50,61,68,69,54,63,61
64,54,52,64,55,58,68,54
61,70,64,69,54,46,48,57
50,60,54,49,56,57,56,52
41,49,60,47,57,60,55,53
53,56,53,63,42,52,55,45
55,46,51,41,47,53,35,46
42,50,39,37,41,37,60,41
31,50,41,37,43,39,49,48
32,37,42,36,34,46,45,40
30,27,48,44,38,50,45,34
32,32,34,41,37,42,30,35
37,33,29,42,25,33,34,24
29,28,38,31,42,24,31,31
42,27,20,31,19,23,27,18
30,22,27,23,18,27,28,22
26,21,26,22,27,29,21,15
18,22,23,20,30,16,21,19
23,16,19,14,14,17,9,21
18,21,15,12,16,14,15,14
15,9,17,15,13,10,15,12
10,13,6,16,18,14,11,19
10,16,12,6,9,16,9,10
3,8,8,12,6,10,8,9
8,10,6,9,5,4,6,11
9,8,6,10,3,10,2,5
6,7,5,4,7,5,4,11
7,9,6,2,6,5,7,6
2,4,3,3,7,4,5,2
3,2,1,5,3,2,4,2
4,3,2,3,2,1,0,4
3,3,1,0,1,1,1,2
3,1,2,1,0,1,2,2
0,1,2,0,3,2,2,1
2,0,0,0,2,1,2,0
0,1,2,0,1,0,0,0
3,0,1,1,0,0,1,0
1,0,0,1,1,1,0,0
1,1,0,1,0,0,0,0
0,0,0,0,1,0,0,1
0,0,0,1,0,0,0,0
0,0,0,0,0,0,0,0
0,0,0,1,0,0,0,0
0,0,0,0,0,0,0,0
0,0,0,0,0,0,0,0
0,0,0,0,0,0,0,0
1,0,0,0,0,0,0,0
0,0,0,0,0,0,0,0
0,0,0,0,0,0,0,0
0,0,0,0,1,0,0,0
0,0,0,0,0,0,0,0
0,0,0,0,0,0,0,0
0,0,0,0,0,0,0,0
0,0,0,1,0,0,0,0
1,0,0,0,0,0,0,0
0,0,0,0,0,0,0,0
0,0,0,0,0,0,0,0
0,0,0,0,0,0,0,0
0,0,0,0,0,0,0,0
0,0,0,1,0,0,0,0
0,0,0,0,0,0,0,0
0,0,0,0,0,0,0,0
0,0,0,0,0,0,0,0
0,0,0,0,0,0,0,0
0,0,0,0,0,0,0,0
0,0,0,0,0,1,0,0
0,0,0,0,0,0,0,0
0,0,0,0,0,0,0,0
0,0,0,0,0,0,0,0
0,0,0,0,0,0,0,0
0,0,0,0,0,0,0,0
0,0,0,0,0,0,0,0
0,0,0,0,0,0,0,0
0,0,0,0,0,0,0,0
0,0,0,0,0,0,0,0
0,0,0,0,0,0,0,0
0,0,0,0,0,0,0,0
0,0,0,0,0,0,0,0
0,0,0,0,0,0,0,0
0,0,0,0,0,0,0,0
0,0,0,0,0,0,0,0
0,0,0,0,0,0,0,0
0,0,0,0,0,0,0,0
0,0,0,0,0,0,0,0
0,0,0,0,0,0,0,0
0,0,0,0,0,0,0,0
0,0,0,0,0,0,0,0
0,0,0,0,0,0,0,0
0,0,0,0,0,0,0,0
0,0,0,0,0,0,0,0
0,0,0,0,0,0,0,0
0,0,0,0,0,0,0,0
0,0,0,0,0,0,0,0
0,0,0,0,0,0,0,0
0,0,0,0,0,0,0,0
0,1,0,0,0,0,0,0
0,0,0,0,0,0,0,0
0,0,0,0,1,0,0,0
0,0,0,0,0,0,0,0
0,0,0,0,0,0,0,0
0,0,0,0,0,0,0,0
0,0,0,0,0,0,0,0
0,0,0,0,0,0,0,0
0,0,0,0,0,0,0,0
0,0,0,0,0,0,0,0
0,0,0,0,0,0,0,0
0,0,0,0,0,0,0,0
0,0,0,0,0,0,0,0
0,0,0,0,0,0,0,0
0,0,0,0,0,0,0,0
0,0,0,0,0,0,0,0
0,0,0,0,0,0,0,0
0,0,0,0,0,0,0,0
0,0,0,0,0,0,0,0
0,0,0,0,0,0,0,0
0,0,0,0,0,0,0,0
0,0,0,0,0,0,0,0
0,0,0,0,0,0,0,0
0,0,0,0,0,0,0,0
0,0,0,0,0,0,0,0
0,0,0,0,0,0,0,0
0,0,0,0,0,0,0,0
0,0,0,0,0,0,0,0
0,0,0,0,0,0,0,0
0,0,0,0,0,0,0,0
0,0,0,0,0,0,0,0
0,0,0,0,0,0,0,0
0,0,0,0,0,0,0,0
0,0,0,0,0,0,0,0
0,0,0,0,0,0,0,0
0,0,0,0,0,0,0,0
0,0,0,0,0,0,0,0
0,0,0,0,0,0,0,0
0,0,0,0,0,0,0,0
0,0,0,0,0,0,0,0
0,0,0,0,0,0,0,0
0,0,0,1,0,0,0,0
0,0,0,0,0,0,0,0
0,0,0,0,0,0,0,0
0,0,0,0,0,0,0,0
0,0,0,0,0,0,0,0
0,0,0,0,0,0,0,0
0,0,0,0,0,0,0,0
0,0,0,0,0,0,0,0
0,0,0,0,0,0,0,0
0,0,0,0,0,0,0,0
0,0,0,0,0,0,0,0
0,0,0,0,0,0,0,0
0,0,0,0,0,0,0,0
0,0,0,0,0,0,0,0
0,0,0,0,0,0,0,0
0,0,0,0,0,0,0,0
0,0,0,0,0,0,0,0
0,0,0,0,0,0,0,0
0,0,0,0,0,0,0,0
0,0,0,0,0,0,0,0
0,0,0,0,0,0,0,0
0,0,0,0,0,0,0,0
0,0,0,0,0,0,0,0
0,0,0,0,0,0,0,0
0,0,0,0,0,0,0,0
0,0,0,0,0,0,0,0
0,0,0,0,0,0,0,0
0,0,0,0,0,0,0,0
0,0,0,0,0,0,0,0
0,0,0,0,0,0,0,0
0,0,0,0,0,0,0,0
0,0,0,0,0,0,0,0
0,0,0,0,0,0,0,0
0,0,0,0,0,0,0,0
0,0,0,0,0,0,0,0
0,0,0,0,0,0,0,0
0,0,0,0,0,0,0,0
0,0,0,0,0,0,0,0
0,0,0,0,0,0,0,0
0,0,0,0,0,0,0,0
0,0,0,0,0,0,0,0
0,0,0,0,0,0,0,0
0,0,0,0,0,0,0,0
0,0,0,0,0,0,0,0
0,0,0,0,0,0,0,0
0,0,0,0,0,0,0,0
0,0,0,0,0,0,0,0
0,0,0,0,0,0,0,0
0,0,0,0,0,0,0,0
0,0,0,0,0,0,0,0
0,0,0,0,0,0,0,0
0,0,0,0,0,0,0,0
0,0,0,0,0,0,0,0
0,0,0,0,0,0,0,0
0,0,0,0,0,0,0,0
0,0,0,0,0,0,0,0
0,0,0,0,0,0,0,0
0,0,0,0,0,0,0,0
0,0,0,0,0,0,0,0
0,0,0,0,0,0,0,0
0,0,0,0,0,0,0,0
0,0,0,0,0,0,0,0
0,0,0,0,0,0,0,0
0,0,0,0,0,0,0,0
0,0,0,0,0,0,0,0
0,0,0,0,0,0,0,0
0,0,0,0,0,0,0,0
0,0,0,0,0,0,0,0
0,0,0,0,0,0,0,0
0,0,0,0,0,0,0,0
0,0,0,0,0,0,0,0
0,0,0,0,0,0,0,0
0,0,0,0,0,0,0,0
0,0,0,0,0,0,0,0
0,0,0,0,0,0,0,0
0,0,0,0,0,0,0,0
0,0,0,0,0,0,0,0
0,0,0,0,0,0,0,0
