254815.000000	5.019531
254816.000000	5.019531
254817.000000	4.980469
254818.000000	5.000000
254819.000000	4.980469
254820.000000	5.000000
254821.000000	5.019531
254822.000000	5.000000
254823.000000	5.000000
254824.000000	5.019531
254825.000000	5.000000
254826.000000	5.019531
254827.000000	5.019531
254828.000000	5.000000
254829.000000	5.000000
254830.000000	5.039062
254831.000000	5.019531
254832.000000	5.019531
254833.000000	5.019531
254834.000000	4.980469
254835.000000	5.000000
254836.000000	5.019531
254837.000000	5.019531
254838.000000	5.019531
254839.000000	5.019531
254840.000000	5.019531
254841.000000	5.019531
254842.000000	5.000000
254843.000000	5.000000
254844.000000	5.000000
254845.000000	5.019531
254846.000000	5.000000
254847.000000	5.000000
254848.000000	5.019531
254849.000000	5.000000
254850.000000	5.019531
254851.000000	5.019531
254852.000000	5.000000
254853.000000	5.019531
254854.000000	5.019531
254855.000000	5.019531
254856.000000	5.000000
254857.000000	5.000000
254858.000000	5.000000
254859.000000	5.000000
254860.000000	4.980469
254861.000000	5.000000
254862.000000	4.980469
254863.000000	5.000000
254864.000000	4.980469
254865.000000	4.980469
254866.000000	4.980469
254867.000000	5.000000
254868.000000	4.980469
254869.000000	5.000000
254870.000000	4.980469
254871.000000	5.000000
254872.000000	5.019531
254873.000000	5.019531
254874.000000	5.019531
254875.000000	5.019531
254876.000000	5.039062
254877.000000	5.019531
254878.000000	5.019531
254879.000000	5.000000
254880.000000	4.980469
254881.000000	5.000000
254882.000000	5.019531
254883.000000	5.019531
254884.000000	5.039062
254885.000000	5.039062
254886.000000	5.000000
254887.000000	5.019531
254888.000000	5.000000
254889.000000	5.000000
254890.000000	5.000000
254891.000000	5.019531
254892.000000	5.039062
254893.000000	5.039062
254894.000000	5.039062
254895.000000	5.019531
254896.000000	5.039062
254897.000000	5.039062
254898.000000	5.058594
254899.000000	5.039062
254900.000000	5.039062
254901.000000	5.058594
254902.000000	5.058594
254903.000000	5.039062
254904.000000	5.019531
254905.000000	5.019531
254906.000000	5.039062
254907.000000	5.039062
254908.000000	5.058594
254909.000000	5.039062
254910.000000	5.019531
254911.000000	5.019531
254912.000000	5.039062
254913.000000	5.039062
254914.000000	5.039062
254915.000000	5.039062
254916.000000	5.019531
254917.000000	5.039062
254918.000000	5.058594
254919.000000	5.019531
254920.000000	5.058594
254921.000000	5.058594
254922.000000	5.039062
254923.000000	5.039062
254924.000000	5.039062
254925.000000	5.039062
254926.000000	5.058594
254927.000000	5.039062
254928.000000	5.019531
254929.000000	5.019531
254930.000000	5.058594
254931.000000	5.058594
254932.000000	5.019531
254933.000000	5.019531
254934.000000	5.019531
254935.000000	5.039062
254936.000000	5.039062
254937.000000	5.039062
254938.000000	5.039062
254939.000000	5.039062
254940.000000	5.058594
254941.000000	5.058594
254942.000000	5.058594
254943.000000	5.039062
254944.000000	5.039062
254945.000000	5.058594
254946.000000	5.058594
254947.000000	5.019531
254948.000000	5.019531
254949.000000	5.019531
254950.000000	5.039062
254951.000000	5.058594
254952.000000	5.058594
254953.000000	5.039062
254954.000000	5.058594
254955.000000	5.058594
254956.000000	5.039062
254957.000000	5.039062
254958.000000	5.000000
254959.000000	5.019531
254960.000000	5.019531
254961.000000	5.019531
254962.000000	5.039062
254963.000000	5.039062
254964.000000	5.039062
254965.000000	5.039062
254966.000000	5.019531
254967.000000	5.019531
254968.000000	5.019531
254969.000000	5.019531
254970.000000	5.058594
254971.000000	5.058594
254972.000000	5.019531
254973.000000	5.000000
254974.000000	5.000000
254975.000000	5.000000
254976.000000	5.058594
254977.000000	5.039062
254978.000000	5.000000
254979.000000	5.000000
254980.000000	5.019531
254981.000000	5.039062
254982.000000	5.039062
254983.000000	5.039062
254984.000000	5.019531
254985.000000	5.000000
254986.000000	5.000000
254987.000000	5.019531
254988.000000	5.000000
254989.000000	5.000000
254990.000000	5.000000
254991.000000	5.019531
254992.000000	5.039062
254993.000000	5.039062
254994.000000	5.019531
254995.000000	5.019531
254996.000000	5.000000
254997.000000	5.000000
254998.000000	5.000000
254999.000000	5.000000
255000.000000	5.019531
255001.000000	5.019531
255002.000000	5.000000
255003.000000	5.000000
255004.000000	4.980469
255005.000000	5.000000
255006.000000	5.019531
255007.000000	5.000000
255008.000000	5.000000
255009.000000	5.019531
255010.000000	5.000000
255011.000000	4.980469
255012.000000	5.000000
255013.000000	5.000000
255014.000000	4.980469
255015.000000	5.019531
255016.000000	5.019531
255017.000000	4.980469
255018.000000	5.019531
255019.000000	5.000000
255020.000000	4.980469
255021.000000	5.019531
255022.000000	5.019531
255023.000000	5.000000
255024.000000	5.019531
255025.000000	5.000000
255026.000000	5.000000
255027.000000	5.000000
255028.000000	5.000000
255029.000000	5.000000
255030.000000	5.000000
255031.000000	5.019531
255032.000000	5.000000
255033.000000	4.980469
255034.000000	5.000000
255035.000000	5.019531
255036.000000	5.019531
255037.000000	5.000000
255038.000000	4.980469
255039.000000	4.980469
255040.000000	5.000000
255041.000000	5.019531
255042.000000	5.000000
255043.000000	5.019531
255044.000000	5.000000
255045.000000	4.980469
255046.000000	5.000000
255047.000000	5.000000
255048.000000	5.019531
255049.000000	5.019531
255050.000000	5.000000
255051.000000	5.019531
255052.000000	5.000000
255053.000000	5.000000
255054.000000	5.019531
255055.000000	5.000000
255056.000000	5.000000
255057.000000	5.000000
255058.000000	5.000000
255059.000000	5.000000
255060.000000	5.000000
255061.000000	5.019531
255062.000000	5.019531
255063.000000	5.019531
255064.000000	5.000000
255065.000000	5.000000
255066.000000	5.000000
255067.000000	5.000000
255068.000000	5.039062
255069.000000	5.039062
255070.000000	5.019531
255071.000000	5.019531
255072.000000	5.019531
255073.000000	5.039062
255074.000000	5.019531
255075.000000	5.000000
255076.000000	5.000000
255077.000000	5.000000
255078.000000	5.019531
255079.000000	5.000000
255080.000000	5.000000
255081.000000	5.000000
255082.000000	5.039062
255083.000000	5.039062
255084.000000	5.019531
255085.000000	5.019531
255086.000000	5.039062
255087.000000	5.039062
255088.000000	5.039062
255089.000000	5.019531
255090.000000	5.000000
255091.000000	5.019531
255092.000000	5.019531
255093.000000	5.019531
255094.000000	5.000000
255095.000000	5.000000
255096.000000	5.000000
255097.000000	5.019531
255098.000000	5.019531
255099.000000	5.000000
255100.000000	5.019531
255101.000000	5.019531
255102.000000	5.039062
255103.000000	5.039062
255104.000000	5.039062
255105.000000	5.039062
255106.000000	5.019531
255107.000000	5.039062
255108.000000	5.019531
255109.000000	5.019531
255110.000000	5.000000
255111.000000	5.019531
255112.000000	5.000000
255113.000000	5.000000
255114.000000	5.000000
255115.000000	5.019531
255116.000000	5.019531
255117.000000	5.000000
255118.000000	5.000000
255119.000000	5.000000
255120.000000	5.019531
255121.000000	5.039062
255122.000000	5.019531
255123.000000	5.019531
255124.000000	5.039062
255125.000000	5.058594
255126.000000	5.039062
255127.000000	5.019531
255128.000000	5.019531
255129.000000	5.039062
255130.000000	5.039062
255131.000000	5.019531
255132.000000	5.019531
255133.000000	5.019531
255134.000000	5.019531
255135.000000	5.000000
255136.000000	4.980469
255137.000000	5.000000
255138.000000	5.019531
255139.000000	5.019531
255140.000000	5.000000
255141.000000	5.019531
255142.000000	5.039062
255143.000000	5.000000
255144.000000	5.019531
255145.000000	5.019531
255146.000000	5.039062
255147.000000	5.039062
255148.000000	5.019531
255149.000000	5.019531
255150.000000	5.019531
255151.000000	5.039062
255152.000000	5.019531
255153.000000	5.000000
255154.000000	5.000000
255155.000000	5.019531
255156.000000	5.000000
255157.000000	4.980469
255158.000000	4.980469
255159.000000	5.000000
255160.000000	5.019531
255161.000000	5.039062
255162.000000	5.019531
255163.000000	5.019531
255164.000000	5.000000
255165.000000	5.019531
255166.000000	5.000000
255167.000000	4.980469
255168.000000	4.980469
255169.000000	4.980469
255170.000000	5.019531
255171.000000	5.019531
255172.000000	5.019531
255173.000000	5.019531
255174.000000	5.019531
255175.000000	5.019531
255176.000000	5.019531
255177.000000	5.019531
255178.000000	5.019531
255179.000000	5.019531
255180.000000	5.039062
255181.000000	5.019531
255182.000000	5.019531
255183.000000	5.019531
255184.000000	5.039062
255185.000000	5.019531
255186.000000	5.019531
255187.000000	5.019531
255188.000000	5.019531
255189.000000	5.000000
255190.000000	5.000000
255191.000000	5.000000
255192.000000	5.019531
255193.000000	5.019531
255194.000000	5.000000
255195.000000	5.000000
255196.000000	4.980469
255197.000000	4.980469
255198.000000	5.000000
255199.000000	5.019531
255200.000000	5.039062
255201.000000	5.019531
255202.000000	5.019531
255203.000000	5.000000
255204.000000	4.980469
255205.000000	5.000000
255206.000000	5.019531
255207.000000	5.019531
255208.000000	4.980469
255209.000000	4.980469
255210.000000	5.000000
255211.000000	5.019531
255212.000000	5.000000
255213.000000	5.000000
255214.000000	5.000000
255215.000000	4.980469
255216.000000	4.980469
255217.000000	5.000000
255218.000000	5.019531
255219.000000	5.019531
255220.000000	4.980469
255221.000000	4.980469
255222.000000	5.019531
255223.000000	5.019531
255224.000000	5.019531
255225.000000	5.000000
255226.000000	4.980469
255227.000000	4.980469
255228.000000	5.019531
255229.000000	5.039062
255230.000000	5.019531
255231.000000	5.000000
255232.000000	4.980469
255233.000000	4.980469
255234.000000	5.000000
255235.000000	5.019531
255236.000000	5.019531
255237.000000	5.019531
255238.000000	4.980469
255239.000000	4.980469
255240.000000	5.000000
255241.000000	5.019531
255242.000000	5.019531
255243.000000	5.019531
255244.000000	5.000000
255245.000000	5.000000
255246.000000	5.019531
255247.000000	5.019531
255248.000000	5.019531
255249.000000	5.019531
255250.000000	5.000000
255251.000000	5.000000
255252.000000	5.000000
255253.000000	5.000000
255254.000000	5.019531
255255.000000	5.019531
255256.000000	5.039062
255257.000000	5.039062
255258.000000	5.019531
255259.000000	5.000000
255260.000000	5.000000
255261.000000	5.019531
255262.000000	5.039062
255263.000000	5.019531
255264.000000	4.980469
255265.000000	4.980469
255266.000000	5.000000
255267.000000	5.019531
255268.000000	5.019531
255269.000000	5.019531
255270.000000	5.019531
255271.000000	5.039062
255272.000000	5.039062
255273.000000	5.019531
255274.000000	5.000000
255275.000000	5.000000
255276.000000	4.980469
255277.000000	5.000000
255278.000000	5.019531
255279.000000	5.019531
255280.000000	5.000000
255281.000000	5.000000
255282.000000	5.019531
255283.000000	5.019531
255284.000000	5.019531
255285.000000	5.039062
255286.000000	5.019531
255287.000000	5.019531
255288.000000	5.000000
255289.000000	5.000000
255290.000000	5.019531
255291.000000	5.019531
255292.000000	5.019531
255293.000000	5.019531
255294.000000	5.000000
255295.000000	5.000000
255296.000000	5.039062
255297.000000	5.039062
255298.000000	5.039062
255299.000000	5.019531
255300.000000	5.000000
255301.000000	5.019531
255302.000000	5.039062
255303.000000	5.019531
255304.000000	5.019531
255305.000000	5.019531
255306.000000	5.039062
255307.000000	5.019531
255308.000000	5.000000
255309.000000	5.019531
255310.000000	5.019531
255311.000000	5.019531
255312.000000	5.000000
255313.000000	4.980469
255314.000000	5.000000
255315.000000	5.019531
255316.000000	5.019531
255317.000000	5.019531
255318.000000	4.980469
255319.000000	4.980469
255320.000000	4.980469
255321.000000	5.000000
255322.000000	5.019531
255323.000000	5.019531
255324.000000	5.000000
255325.000000	5.000000
255326.000000	4.980469
255327.000000	4.980469
255328.000000	4.980469
255329.000000	4.960937
255330.000000	4.980469
255331.000000	4.980469
255332.000000	5.000000
255333.000000	5.000000
255334.000000	5.000000
255335.000000	5.000000
255336.000000	5.000000
255337.000000	5.000000
255338.000000	4.980469
255339.000000	4.960937
255340.000000	4.941406
255341.000000	4.980469
255342.000000	4.960937
255343.000000	4.960937
255344.000000	4.960937
255345.000000	4.980469
255346.000000	4.980469
255347.000000	4.980469
255348.000000	4.980469
255349.000000	4.980469
255350.000000	4.980469
255351.000000	5.000000
255352.000000	4.980469
255353.000000	4.960937
255354.000000	4.980469
255355.000000	4.980469
255356.000000	5.000000
255357.000000	5.000000
255358.000000	5.000000
255359.000000	4.980469
255360.000000	4.960937
255361.000000	4.980469
255362.000000	4.960937
255363.000000	4.960937
255364.000000	4.960937
255365.000000	4.980469
255366.000000	5.000000
255367.000000	4.980469
255368.000000	4.980469
255369.000000	4.960937
255370.000000	4.941406
255371.000000	4.960937
255372.000000	4.960937
255373.000000	4.960937
255374.000000	4.960937
255375.000000	4.960937
255376.000000	4.980469
255377.000000	5.000000
255378.000000	5.000000
255379.000000	5.000000
255380.000000	5.000000
255381.000000	5.000000
255382.000000	4.980469
255383.000000	4.960937
255384.000000	4.941406
255385.000000	4.960937
255386.000000	4.980469
255387.000000	4.980469
255388.000000	5.000000
255389.000000	4.980469
255390.000000	5.019531
255391.000000	5.000000
255392.000000	5.000000
255393.000000	4.980469
255394.000000	4.960937
255395.000000	4.960937
255396.000000	4.980469
255397.000000	5.000000
255398.000000	5.000000
255399.000000	5.000000
255400.000000	5.000000
255401.000000	5.019531
255402.000000	5.000000
255403.000000	4.980469
255404.000000	4.960937
255405.000000	4.980469
255406.000000	5.019531
255407.000000	5.000000
255408.000000	5.019531
255409.000000	5.019531
255410.000000	5.019531
255411.000000	5.039062
255412.000000	5.039062
255413.000000	5.019531
255414.000000	5.019531
255415.000000	5.019531
255416.000000	5.039062
255417.000000	5.019531
255418.000000	5.019531
255419.000000	5.019531
255420.000000	5.039062
255421.000000	5.019531
255422.000000	5.019531
255423.000000	5.019531
255424.000000	5.019531
255425.000000	5.039062
255426.000000	5.019531
255427.000000	5.019531
255428.000000	5.019531
255429.000000	5.019531
255430.000000	5.000000
255431.000000	5.000000
255432.000000	5.000000
255433.000000	5.000000
255434.000000	5.000000
255435.000000	5.019531
255436.000000	5.019531
255437.000000	5.019531
255438.000000	5.019531
255439.000000	5.039062
255440.000000	5.039062
255441.000000	5.039062
255442.000000	5.000000
255443.000000	5.019531
255444.000000	5.019531
255445.000000	5.019531
255446.000000	5.019531
255447.000000	5.019531
255448.000000	5.039062
255449.000000	5.058594
255450.000000	5.058594
255451.000000	5.039062
255452.000000	5.019531
255453.000000	5.000000
255454.000000	5.000000
255455.000000	5.000000
255456.000000	5.000000
255457.000000	5.019531
255458.000000	5.039062
255459.000000	5.039062
255460.000000	5.039062
255461.000000	5.019531
255462.000000	5.000000
255463.000000	5.019531
255464.000000	5.039062
255465.000000	5.039062
255466.000000	5.019531
255467.000000	5.039062
255468.000000	5.019531
255469.000000	5.019531
255470.000000	5.019531
255471.000000	5.019531
255472.000000	5.019531
255473.000000	5.019531
255474.000000	5.000000
255475.000000	4.980469
255476.000000	4.980469
255477.000000	5.000000
255478.000000	5.000000
255479.000000	5.000000
255480.000000	5.000000
255481.000000	5.000000
255482.000000	5.019531
255483.000000	5.019531
255484.000000	5.019531
255485.000000	5.000000
255486.000000	4.980469
255487.000000	4.980469
255488.000000	5.000000
255489.000000	5.019531
255490.000000	5.000000
255491.000000	4.980469
255492.000000	4.980469
255493.000000	4.980469
255494.000000	5.000000
255495.000000	5.000000
255496.000000	4.980469
255497.000000	4.980469
255498.000000	4.980469
255499.000000	4.980469
255500.000000	5.019531
255501.000000	5.000000
255502.000000	4.960937
255503.000000	4.960937
255504.000000	4.980469
255505.000000	4.980469
255506.000000	4.980469
255507.000000	4.941406
255508.000000	4.960937
255509.000000	4.980469
255510.000000	4.980469
255511.000000	4.960937
255512.000000	4.960937
255513.000000	4.980469
255514.000000	4.960937
255515.000000	4.921875
255516.000000	4.960937
255517.000000	4.980469
255518.000000	4.960937
255519.000000	4.980469
255520.000000	4.960937
255521.000000	4.980469
255522.000000	5.000000
255523.000000	5.000000
255524.000000	4.980469
255525.000000	4.980469
255526.000000	4.980469
255527.000000	4.960937
255528.000000	4.941406
255529.000000	4.980469
255530.000000	4.980469
255531.000000	4.960937
255532.000000	5.000000
255533.000000	5.000000
255534.000000	4.960937
255535.000000	4.960937
255536.000000	4.980469
255537.000000	5.000000
255538.000000	4.980469
255539.000000	4.960937
255540.000000	4.960937
255541.000000	4.980469
255542.000000	5.000000
255543.000000	5.000000
255544.000000	4.960937
255545.000000	4.960937
255546.000000	5.000000
255547.000000	5.000000
255548.000000	4.980469
255549.000000	4.980469
255550.000000	4.980469
255551.000000	4.980469
255552.000000	5.000000
255553.000000	5.019531
255554.000000	5.019531
255555.000000	5.000000
255556.000000	4.980469
255557.000000	4.980469
255558.000000	4.980469
255559.000000	4.980469
255560.000000	4.980469
255561.000000	4.980469
255562.000000	5.000000
255563.000000	5.019531
255564.000000	5.019531
255565.000000	5.019531
255566.000000	5.000000
255567.000000	5.000000
255568.000000	5.000000
255569.000000	5.000000
255570.000000	5.019531
255571.000000	4.980469
255572.000000	5.019531
255573.000000	5.019531
255574.000000	5.019531
255575.000000	5.000000
255576.000000	5.000000
255577.000000	5.019531
255578.000000	5.019531
255579.000000	5.000000
255580.000000	5.019531
255581.000000	5.000000
255582.000000	5.019531
255583.000000	5.019531
255584.000000	5.039062
255585.000000	5.058594
255586.000000	5.019531
255587.000000	5.019531
255588.000000	5.019531
255589.000000	5.019531
255590.000000	5.019531
255591.000000	5.039062
255592.000000	5.058594
255593.000000	5.039062
255594.000000	5.019531
255595.000000	5.058594
255596.000000	5.039062
255597.000000	5.039062
255598.000000	5.019531
255599.000000	5.019531
255600.000000	5.039062
255601.000000	5.039062
255602.000000	5.019531
255603.000000	5.039062
255604.000000	5.039062
255605.000000	5.058594
255606.000000	5.058594
255607.000000	5.039062
255608.000000	5.058594
255609.000000	5.058594
255610.000000	5.058594
255611.000000	5.019531
255612.000000	5.039062
255613.000000	5.039062
255614.000000	5.039062
255615.000000	5.039062
255616.000000	5.039062
255617.000000	5.039062
255618.000000	5.058594
255619.000000	5.039062
255620.000000	5.039062
255621.000000	5.039062
255622.000000	5.058594
255623.000000	5.058594
255624.000000	5.039062
255625.000000	5.039062
255626.000000	5.058594
255627.000000	5.058594
255628.000000	5.039062
255629.000000	5.039062
255630.000000	5.039062
255631.000000	5.078125
255632.000000	5.058594
255633.000000	5.058594
255634.000000	5.058594
255635.000000	5.058594
255636.000000	5.058594
255637.000000	5.039062
255638.000000	5.019531
255639.000000	5.039062
255640.000000	5.039062
255641.000000	5.039062
255642.000000	5.019531
255643.000000	5.039062
255644.000000	5.039062
255645.000000	5.058594
255646.000000	5.039062
255647.000000	5.039062
255648.000000	5.058594
255649.000000	5.078125
255650.000000	5.058594
255651.000000	5.058594
255652.000000	5.058594
255653.000000	5.058594
255654.000000	5.058594
255655.000000	5.039062
255656.000000	5.058594
255657.000000	5.058594
255658.000000	5.058594
255659.000000	5.019531
255660.000000	5.000000
255661.000000	5.000000
255662.000000	5.039062
255663.000000	5.039062
255664.000000	5.000000
255665.000000	5.000000
255666.000000	5.019531
255667.000000	5.019531
255668.000000	5.000000
255669.000000	5.000000
255670.000000	5.039062
255671.000000	5.019531
255672.000000	4.980469
255673.000000	4.980469
255674.000000	5.000000
255675.000000	5.019531
255676.000000	5.019531
255677.000000	5.000000
255678.000000	4.980469
255679.000000	4.980469
255680.000000	5.019531
255681.000000	5.019531
255682.000000	5.000000
255683.000000	4.980469
255684.000000	4.960937
255685.000000	5.000000
255686.000000	5.000000
255687.000000	5.000000
255688.000000	4.980469
255689.000000	4.960937
255690.000000	4.980469
255691.000000	4.980469
255692.000000	5.000000
255693.000000	4.980469
255694.000000	4.980469
255695.000000	5.000000
255696.000000	4.980469
255697.000000	5.000000
255698.000000	4.980469
255699.000000	4.960937
255700.000000	4.941406
255701.000000	4.960937
255702.000000	4.941406
255703.000000	4.960937
255704.000000	4.941406
255705.000000	4.960937
255706.000000	4.960937
255707.000000	4.960937
255708.000000	4.941406
255709.000000	4.960937
255710.000000	4.960937
255711.000000	4.980469
255712.000000	4.980469
255713.000000	4.980469
255714.000000	4.980469
255715.000000	4.980469
255716.000000	5.000000
255717.000000	4.980469
255718.000000	4.980469
255719.000000	4.980469
255720.000000	4.980469
255721.000000	4.980469
255722.000000	4.960937
255723.000000	4.941406
255724.000000	4.960937
255725.000000	4.980469
255726.000000	5.000000
255727.000000	5.000000
255728.000000	4.960937
255729.000000	4.960937
255730.000000	4.960937
255731.000000	4.980469
255732.000000	5.000000
255733.000000	4.980469
255734.000000	4.980469
255735.000000	5.000000
255736.000000	5.000000
255737.000000	4.980469
255738.000000	4.960937
255739.000000	4.980469
255740.000000	4.980469
255741.000000	4.980469
255742.000000	4.980469
255743.000000	4.960937
255744.000000	4.980469
255745.000000	4.980469
255746.000000	4.980469
255747.000000	4.980469
255748.000000	4.980469
255749.000000	4.980469
255750.000000	4.980469
255751.000000	4.980469
255752.000000	5.000000
255753.000000	5.000000
255754.000000	5.039062
255755.000000	5.019531
255756.000000	5.019531
255757.000000	5.000000
255758.000000	4.980469
255759.000000	5.000000
255760.000000	5.019531
255761.000000	5.039062
255762.000000	5.019531
255763.000000	5.019531
255764.000000	5.000000
255765.000000	5.000000
255766.000000	5.019531
255767.000000	5.019531
255768.000000	5.019531
255769.000000	5.019531
255770.000000	5.039062
255771.000000	5.058594
255772.000000	5.019531
255773.000000	5.000000
255774.000000	5.000000
255775.000000	5.039062
255776.000000	5.058594
255777.000000	5.058594
255778.000000	5.019531
255779.000000	5.019531
255780.000000	5.058594
255781.000000	5.058594
255782.000000	5.039062
255783.000000	5.039062
255784.000000	5.039062
255785.000000	5.019531
255786.000000	5.039062
255787.000000	5.039062
255788.000000	5.039062
255789.000000	5.058594
255790.000000	5.058594
255791.000000	5.039062
255792.000000	5.019531
255793.000000	5.039062
255794.000000	5.058594
255795.000000	5.058594
255796.000000	5.039062
255797.000000	5.039062
255798.000000	5.058594
255799.000000	5.058594
255800.000000	5.019531
255801.000000	5.058594
255802.000000	5.078125
255803.000000	5.039062
255804.000000	5.039062
255805.000000	5.058594
255806.000000	5.039062
255807.000000	5.039062
255808.000000	5.078125
255809.000000	5.058594
255810.000000	5.039062
255811.000000	5.058594
255812.000000	5.019531
255813.000000	5.039062
255814.000000	5.058594
255815.000000	5.058594
255816.000000	5.039062
255817.000000	5.058594
255818.000000	5.058594
255819.000000	5.039062
255820.000000	5.019531
255821.000000	5.039062
255822.000000	5.058594
255823.000000	5.058594
255824.000000	5.039062
255825.000000	5.039062
255826.000000	5.058594
255827.000000	5.058594
255828.000000	5.039062
255829.000000	5.039062
255830.000000	5.058594
255831.000000	5.058594
255832.000000	5.019531
255833.000000	5.000000
255834.000000	5.039062
255835.000000	5.019531
255836.000000	5.019531
255837.000000	5.019531
255838.000000	5.039062
255839.000000	5.058594
255840.000000	5.058594
255841.000000	5.039062
255842.000000	5.039062
255843.000000	5.039062
255844.000000	5.039062
255845.000000	5.019531
255846.000000	5.000000
255847.000000	5.000000
255848.000000	5.019531
255849.000000	5.019531
255850.000000	5.019531
255851.000000	5.000000
255852.000000	5.019531
255853.000000	5.039062
255854.000000	5.039062
255855.000000	5.019531
255856.000000	5.019531
255857.000000	5.019531
255858.000000	5.019531
255859.000000	5.019531
255860.000000	4.980469
255861.000000	4.980469
255862.000000	5.019531
255863.000000	5.019531
255864.000000	5.019531
255865.000000	5.000000
255866.000000	5.000000
255867.000000	4.980469
255868.000000	5.019531
255869.000000	5.019531
255870.000000	5.019531
255871.000000	5.000000
255872.000000	4.960937
255873.000000	4.980469
255874.000000	5.000000
255875.000000	5.019531
255876.000000	5.000000
255877.000000	4.980469
255878.000000	4.980469
255879.000000	4.980469
255880.000000	4.980469
255881.000000	5.000000
255882.000000	5.000000
255883.000000	4.980469
255884.000000	5.000000
255885.000000	5.000000
255886.000000	5.000000
255887.000000	4.980469
255888.000000	5.000000
255889.000000	5.000000
255890.000000	5.019531
255891.000000	5.000000
255892.000000	5.000000
255893.000000	4.980469
255894.000000	5.000000
255895.000000	4.960937
255896.000000	4.980469
255897.000000	4.980469
255898.000000	4.980469
255899.000000	4.980469
255900.000000	4.980469
255901.000000	4.980469
255902.000000	4.980469
255903.000000	4.980469
255904.000000	4.980469
255905.000000	4.980469
255906.000000	4.980469
255907.000000	5.000000
255908.000000	4.980469
255909.000000	4.980469
255910.000000	5.000000
255911.000000	5.000000
255912.000000	5.000000
255913.000000	4.980469
255914.000000	4.980469
255915.000000	5.000000
255916.000000	5.000000
255917.000000	5.000000
255918.000000	4.980469
255919.000000	5.000000
255920.000000	5.019531
255921.000000	5.000000
255922.000000	5.019531
255923.000000	5.019531
255924.000000	5.039062
255925.000000	5.039062
255926.000000	5.019531
255927.000000	5.039062
255928.000000	5.019531
255929.000000	5.039062
255930.000000	5.019531
255931.000000	5.019531
255932.000000	5.019531
255933.000000	5.039062
255934.000000	5.019531
255935.000000	5.019531
255936.000000	5.019531
255937.000000	5.019531
255938.000000	5.019531
255939.000000	5.039062
255940.000000	5.019531
255941.000000	5.039062
255942.000000	5.039062
255943.000000	5.058594
255944.000000	5.039062
255945.000000	5.039062
255946.000000	5.039062
255947.000000	5.058594
255948.000000	5.058594
255949.000000	5.039062
255950.000000	5.019531
255951.000000	5.019531
255952.000000	5.019531
255953.000000	5.019531
255954.000000	5.039062
255955.000000	5.039062
255956.000000	5.039062
255957.000000	5.019531
255958.000000	5.058594
255959.000000	5.058594
255960.000000	5.019531
255961.000000	5.039062
255962.000000	5.039062
255963.000000	5.019531
255964.000000	5.039062
255965.000000	5.058594
255966.000000	5.058594
255967.000000	5.019531
255968.000000	5.019531
255969.000000	5.039062
255970.000000	5.058594
255971.000000	5.058594
255972.000000	5.019531
255973.000000	5.039062
255974.000000	5.039062
255975.000000	5.019531
255976.000000	5.019531
255977.000000	5.039062
255978.000000	5.058594
255979.000000	5.039062
255980.000000	5.039062
255981.000000	5.039062
255982.000000	5.019531
255983.000000	5.019531
255984.000000	5.019531
255985.000000	5.000000
255986.000000	5.019531
255987.000000	5.019531
255988.000000	5.039062
255989.000000	5.039062
255990.000000	5.039062
255991.000000	5.039062
255992.000000	5.058594
255993.000000	5.039062
255994.000000	5.019531
255995.000000	5.019531
255996.000000	5.000000
255997.000000	5.019531
255998.000000	5.039062
255999.000000	5.039062
256000.000000	5.019531
256001.000000	5.019531
256002.000000	5.000000
256003.000000	5.019531
256004.000000	5.019531
256005.000000	5.039062
256006.000000	5.019531
256007.000000	5.019531
256008.000000	5.000000
256009.000000	5.000000
256010.000000	5.019531
256011.000000	5.019531
256012.000000	5.019531
256013.000000	5.019531
256014.000000	5.019531
256015.000000	5.000000
256016.000000	4.980469
256017.000000	4.980469
256018.000000	5.019531
256019.000000	5.019531
256020.000000	5.019531
256021.000000	5.000000
256022.000000	4.980469
256023.000000	5.000000
256024.000000	5.019531
256025.000000	5.019531
256026.000000	5.019531
256027.000000	5.019531
256028.000000	5.019531
256029.000000	5.019531
256030.000000	5.019531
256031.000000	5.019531
256032.000000	5.019531
256033.000000	5.019531
256034.000000	5.019531
256035.000000	5.019531
256036.000000	5.000000
256037.000000	5.019531
256038.000000	5.019531
256039.000000	5.019531
256040.000000	5.000000
256041.000000	4.980469
256042.000000	4.980469
256043.000000	4.980469
256044.000000	5.019531
256045.000000	5.000000
256046.000000	5.000000
256047.000000	5.000000
256048.000000	4.980469
256049.000000	5.000000
256050.000000	5.000000
256051.000000	5.000000
256052.000000	5.019531
256053.000000	5.000000
256054.000000	4.980469
256055.000000	5.000000
256056.000000	5.019531
256057.000000	5.000000
256058.000000	4.980469
256059.000000	5.000000
256060.000000	5.019531
256061.000000	5.019531
256062.000000	4.980469
256063.000000	4.980469
256064.000000	4.980469
256065.000000	5.019531
256066.000000	5.019531
256067.000000	5.000000
256068.000000	5.019531
256069.000000	5.019531
256070.000000	5.000000
256071.000000	4.980469
256072.000000	5.000000
256073.000000	5.000000
256074.000000	5.019531
256075.000000	5.019531
256076.000000	5.000000
256077.000000	5.019531
256078.000000	5.000000
256079.000000	4.980469
256080.000000	4.980469
256081.000000	5.019531
256082.000000	5.019531
256083.000000	5.019531
256084.000000	5.000000
256085.000000	4.980469
256086.000000	5.000000
256087.000000	5.019531
256088.000000	5.000000
256089.000000	5.000000
256090.000000	5.000000
256091.000000	5.000000
256092.000000	5.019531
256093.000000	5.019531
256094.000000	5.019531
256095.000000	5.019531
256096.000000	5.000000
256097.000000	5.000000
256098.000000	5.019531
256099.000000	5.019531
256100.000000	5.000000
256101.000000	5.019531
256102.000000	5.019531
256103.000000	5.019531
256104.000000	5.000000
256105.000000	5.000000
256106.000000	5.019531
256107.000000	5.019531
256108.000000	5.039062
256109.000000	5.000000
256110.000000	5.000000
256111.000000	5.019531
256112.000000	5.058594
256113.000000	5.019531
256114.000000	5.019531
256115.000000	5.019531
256116.000000	5.039062
256117.000000	5.058594
256118.000000	5.039062
256119.000000	5.039062
256120.000000	5.039062
256121.000000	5.039062
256122.000000	5.039062
256123.000000	5.058594
256124.000000	5.039062
256125.000000	5.039062
256126.000000	5.039062
256127.000000	5.058594
256128.000000	5.039062
256129.000000	5.039062
256130.000000	5.019531
256131.000000	5.039062
256132.000000	5.039062
256133.000000	5.039062
256134.000000	5.019531
256135.000000	5.039062
256136.000000	5.058594
256137.000000	5.078125
256138.000000	5.058594
256139.000000	5.078125
256140.000000	5.058594
256141.000000	5.078125
256142.000000	5.058594
256143.000000	5.058594
256144.000000	5.039062
256145.000000	5.039062
256146.000000	5.078125
256147.000000	5.078125
256148.000000	5.078125
256149.000000	5.078125
256150.000000	5.078125
256151.000000	5.078125
256152.000000	5.078125
256153.000000	5.058594
256154.000000	5.058594
256155.000000	5.058594
256156.000000	5.058594
256157.000000	5.058594
256158.000000	5.078125
256159.000000	5.078125
256160.000000	5.078125
256161.000000	5.078125
256162.000000	5.058594
256163.000000	5.058594
256164.000000	5.058594
256165.000000	5.058594
256166.000000	5.058594
256167.000000	5.078125
256168.000000	5.058594
256169.000000	5.058594
256170.000000	5.078125
256171.000000	5.078125
256172.000000	5.078125
256173.000000	5.058594
256174.000000	5.058594
256175.000000	5.078125
256176.000000	5.097656
256177.000000	5.078125
256178.000000	5.058594
256179.000000	5.058594
256180.000000	5.078125
256181.000000	5.078125
256182.000000	5.058594
256183.000000	5.058594
256184.000000	5.058594
256185.000000	5.058594
256186.000000	5.039062
256187.000000	5.058594
256188.000000	5.058594
256189.000000	5.058594
256190.000000	5.058594
256191.000000	5.058594
256192.000000	5.039062
256193.000000	5.058594
256194.000000	5.039062
256195.000000	5.039062
256196.000000	5.039062
256197.000000	5.039062
256198.000000	5.039062
256199.000000	5.039062
256200.000000	5.039062
256201.000000	5.039062
256202.000000	5.039062
256203.000000	5.039062
256204.000000	5.058594
256205.000000	5.058594
256206.000000	5.078125
256207.000000	5.058594
256208.000000	5.039062
256209.000000	5.019531
256210.000000	5.039062
256211.000000	5.039062
256212.000000	5.058594
256213.000000	5.058594
256214.000000	5.039062
256215.000000	5.039062
256216.000000	5.039062
256217.000000	5.019531
256218.000000	5.019531
256219.000000	5.000000
256220.000000	5.019531
256221.000000	5.019531
256222.000000	5.039062
256223.000000	5.019531
256224.000000	5.000000
256225.000000	4.980469
256226.000000	4.980469
256227.000000	5.019531
256228.000000	5.019531
256229.000000	5.000000
256230.000000	4.980469
256231.000000	4.960937
256232.000000	4.980469
256233.000000	4.980469
256234.000000	5.000000
256235.000000	5.000000
256236.000000	5.000000
256237.000000	4.980469
256238.000000	4.960937
256239.000000	4.980469
256240.000000	4.980469
256241.000000	4.980469
256242.000000	4.980469
256243.000000	4.960937
256244.000000	4.960937
256245.000000	4.960937
256246.000000	4.980469
256247.000000	4.960937
256248.000000	4.941406
256249.000000	4.941406
256250.000000	4.941406
256251.000000	4.960937
256252.000000	4.960937
256253.000000	4.941406
256254.000000	4.941406
256255.000000	4.921875
256256.000000	4.941406
256257.000000	4.941406
256258.000000	4.941406
256259.000000	4.941406
256260.000000	4.921875
256261.000000	4.921875
256262.000000	4.921875
256263.000000	4.921875
256264.000000	4.921875
256265.000000	4.902344
256266.000000	4.921875
256267.000000	4.941406
256268.000000	4.941406
256269.000000	4.941406
256270.000000	4.882812
256271.000000	4.902344
256272.000000	4.902344
256273.000000	4.921875
256274.000000	4.921875
256275.000000	4.902344
256276.000000	4.882812
256277.000000	4.882812
256278.000000	4.921875
256279.000000	4.921875
256280.000000	4.921875
256281.000000	4.902344
256282.000000	4.882812
256283.000000	4.921875
256284.000000	4.921875
256285.000000	4.941406
256286.000000	4.921875
256287.000000	4.902344
256288.000000	4.902344
256289.000000	4.921875
256290.000000	4.941406
256291.000000	4.941406
256292.000000	4.902344
256293.000000	4.941406
256294.000000	4.941406
256295.000000	4.921875
256296.000000	4.960937
256297.000000	4.960937
256298.000000	4.921875
256299.000000	4.921875
256300.000000	4.941406
256301.000000	4.960937
256302.000000	4.941406
256303.000000	4.960937
256304.000000	4.980469
256305.000000	4.980469
256306.000000	4.941406
256307.000000	4.960937
256308.000000	4.980469
256309.000000	5.000000
256310.000000	4.980469
256311.000000	4.960937
256312.000000	4.980469
256313.000000	5.000000
256314.000000	5.000000
256315.000000	5.000000
256316.000000	4.980469
256317.000000	4.980469
256318.000000	4.980469
256319.000000	5.000000
256320.000000	5.039062
256321.000000	5.039062
256322.000000	5.019531
256323.000000	5.000000
256324.000000	5.019531
256325.000000	5.039062
256326.000000	5.058594
256327.000000	5.039062
256328.000000	5.039062
256329.000000	5.058594
256330.000000	5.039062
256331.000000	5.039062
256332.000000	5.039062
256333.000000	5.039062
256334.000000	5.078125
256335.000000	5.097656
256336.000000	5.058594
256337.000000	5.058594
256338.000000	5.078125
256339.000000	5.097656
256340.000000	5.097656
256341.000000	5.097656
256342.000000	5.078125
256343.000000	5.078125
256344.000000	5.117187
256345.000000	5.117187
256346.000000	5.097656
256347.000000	5.117187
256348.000000	5.117187
256349.000000	5.136719
256350.000000	5.117187
256351.000000	5.097656
256352.000000	5.117187
256353.000000	5.136719
256354.000000	5.156250
256355.000000	5.156250
256356.000000	5.117187
256357.000000	5.117187
256358.000000	5.117187
256359.000000	5.136719
256360.000000	5.136719
256361.000000	5.136719
256362.000000	5.156250
256363.000000	5.156250
256364.000000	5.156250
256365.000000	5.136719
256366.000000	5.136719
256367.000000	5.117187
256368.000000	5.156250
256369.000000	5.156250
256370.000000	5.175781
256371.000000	5.175781
256372.000000	5.136719
256373.000000	5.156250
256374.000000	5.136719
256375.000000	5.156250
256376.000000	5.156250
256377.000000	5.156250
256378.000000	5.156250
256379.000000	5.136719
256380.000000	5.156250
256381.000000	5.175781
256382.000000	5.156250
256383.000000	5.136719
256384.000000	5.136719
256385.000000	5.175781
256386.000000	5.175781
256387.000000	5.156250
256388.000000	5.136719
256389.000000	5.117187
256390.000000	5.136719
256391.000000	5.156250
256392.000000	5.156250
256393.000000	5.156250
256394.000000	5.156250
256395.000000	5.156250
256396.000000	5.136719
256397.000000	5.136719
256398.000000	5.136719
256399.000000	5.136719
256400.000000	5.136719
256401.000000	5.156250
256402.000000	5.156250
256403.000000	5.136719
256404.000000	5.136719
256405.000000	5.136719
256406.000000	5.136719
256407.000000	5.136719
256408.000000	5.117187
256409.000000	5.097656
256410.000000	5.117187
256411.000000	5.117187
256412.000000	5.097656
256413.000000	5.078125
256414.000000	5.078125
256415.000000	5.097656
256416.000000	5.097656
256417.000000	5.078125
256418.000000	5.078125
256419.000000	5.058594
256420.000000	5.097656
256421.000000	5.078125
256422.000000	5.078125
256423.000000	5.078125
256424.000000	5.097656
256425.000000	5.097656
256426.000000	5.078125
256427.000000	5.058594
256428.000000	5.019531
256429.000000	5.058594
256430.000000	5.078125
256431.000000	5.058594
256432.000000	5.058594
256433.000000	5.019531
256434.000000	5.000000
256435.000000	5.019531
256436.000000	5.019531
256437.000000	5.019531
256438.000000	5.019531
256439.000000	5.019531
256440.000000	5.000000
256441.000000	5.000000
256442.000000	5.000000
256443.000000	5.000000
256444.000000	5.000000
256445.000000	4.980469
256446.000000	4.960937
256447.000000	4.980469
256448.000000	4.960937
256449.000000	4.960937
256450.000000	4.960937
256451.000000	4.960937
256452.000000	4.960937
256453.000000	4.960937
256454.000000	4.941406
256455.000000	4.941406
256456.000000	4.941406
256457.000000	4.941406
256458.000000	4.921875
256459.000000	4.902344
256460.000000	4.902344
256461.000000	4.902344
256462.000000	4.882812
256463.000000	4.882812
256464.000000	4.882812
256465.000000	4.882812
256466.000000	4.882812
256467.000000	4.863281
256468.000000	4.843750
256469.000000	4.843750
256470.000000	4.863281
256471.000000	4.804687
256472.000000	4.804687
256473.000000	4.785156
256474.000000	4.804687
256475.000000	4.785156
256476.000000	4.804687
256477.000000	4.785156
256478.000000	4.785156
256479.000000	4.785156
256480.000000	4.765625
256481.000000	4.785156
256482.000000	4.726562
256483.000000	4.746094
256484.000000	4.726562
256485.000000	4.746094
256486.000000	4.707031
256487.000000	4.726562
256488.000000	4.707031
256489.000000	4.746094
256490.000000	4.726562
256491.000000	4.746094
256492.000000	4.746094
256493.000000	4.746094
256494.000000	4.765625
256495.000000	4.746094
256496.000000	4.746094
256497.000000	4.746094
256498.000000	4.765625
256499.000000	4.765625
256500.000000	4.765625
256501.000000	4.746094
256502.000000	4.765625
256503.000000	4.746094
256504.000000	4.785156
256505.000000	4.765625
256506.000000	4.785156
256507.000000	4.785156
256508.000000	4.804687
256509.000000	4.824219
256510.000000	4.843750
256511.000000	4.843750
256512.000000	4.824219
256513.000000	4.824219
256514.000000	4.843750
256515.000000	4.882812
256516.000000	4.902344
256517.000000	4.882812
256518.000000	4.921875
256519.000000	4.882812
256520.000000	4.941406
256521.000000	4.941406
256522.000000	4.941406
256523.000000	4.980469
256524.000000	4.941406
256525.000000	5.000000
256526.000000	4.980469
256527.000000	5.019531
256528.000000	5.019531
256529.000000	5.019531
256530.000000	5.019531
256531.000000	5.039062
256532.000000	5.078125
256533.000000	5.078125
256534.000000	5.058594
256535.000000	5.078125
256536.000000	5.117187
256537.000000	5.156250
256538.000000	5.117187
256539.000000	5.156250
256540.000000	5.156250
256541.000000	5.117187
256542.000000	5.175781
256543.000000	5.195312
256544.000000	5.175781
256545.000000	5.214844
256546.000000	5.156250
256547.000000	5.214844
256548.000000	5.253906
256549.000000	5.273437
256550.000000	5.273437
256551.000000	5.253906
256552.000000	5.273437
256553.000000	5.253906
256554.000000	5.312500
256555.000000	5.332031
256556.000000	5.292969
256557.000000	5.312500
256558.000000	5.292969
256559.000000	5.332031
256560.000000	5.332031
256561.000000	5.292969
256562.000000	5.351562
256563.000000	5.371094
256564.000000	5.292969
256565.000000	5.351562
256566.000000	5.371094
256567.000000	5.312500
256568.000000	5.371094
256569.000000	5.332031
256570.000000	5.312500
256571.000000	5.351562
256572.000000	5.312500
256573.000000	5.332031
256574.000000	5.351562
256575.000000	5.292969
256576.000000	5.312500
256577.000000	5.332031
256578.000000	5.292969
256579.000000	5.312500
256580.000000	5.312500
256581.000000	5.253906
256582.000000	5.312500
256583.000000	5.312500
256584.000000	5.214844
256585.000000	5.273437
256586.000000	5.273437
256587.000000	5.195312
256588.000000	5.253906
256589.000000	5.253906
256590.000000	5.195312
256591.000000	5.195312
256592.000000	5.175781
256593.000000	5.214844
256594.000000	5.214844
256595.000000	5.195312
256596.000000	5.175781
256597.000000	5.136719
256598.000000	5.136719
256599.000000	5.117187
256600.000000	5.117187
256601.000000	5.097656
256602.000000	5.097656
256603.000000	5.097656
256604.000000	5.058594
256605.000000	5.058594
256606.000000	5.039062
256607.000000	5.039062
256608.000000	5.039062
256609.000000	5.039062
256610.000000	5.019531
256611.000000	5.000000
256612.000000	4.960937
256613.000000	4.960937
256614.000000	4.960937
256615.000000	4.960937
256616.000000	4.960937
256617.000000	4.902344
256618.000000	4.902344
256619.000000	4.882812
256620.000000	4.921875
256621.000000	4.921875
256622.000000	4.863281
256623.000000	4.882812
256624.000000	4.882812
256625.000000	4.863281
256626.000000	4.863281
256627.000000	4.804687
256628.000000	4.843750
256629.000000	4.824219
256630.000000	4.785156
256631.000000	4.824219
256632.000000	4.785156
256633.000000	4.824219
256634.000000	4.824219
256635.000000	4.804687
256636.000000	4.804687
256637.000000	4.746094
256638.000000	4.824219
256639.000000	4.746094
256640.000000	4.804687
256641.000000	4.707031
256642.000000	4.804687
256643.000000	4.765625
256644.000000	4.804687
256645.000000	4.804687
256646.000000	4.765625
256647.000000	4.824219
256648.000000	4.746094
256649.000000	4.824219
256650.000000	4.785156
256651.000000	4.804687
256652.000000	4.824219
256653.000000	4.765625
256654.000000	4.843750
256655.000000	4.785156
256656.000000	4.824219
256657.000000	4.785156
256658.000000	4.843750
256659.000000	4.843750
256660.000000	4.843750
256661.000000	4.863281
256662.000000	4.824219
256663.000000	4.863281
256664.000000	4.824219
256665.000000	4.882812
256666.000000	4.863281
256667.000000	4.902344
256668.000000	4.882812
256669.000000	4.921875
256670.000000	4.921875
256671.000000	4.902344
256672.000000	4.902344
256673.000000	4.902344
256674.000000	4.921875
256675.000000	4.921875
256676.000000	4.941406
256677.000000	4.960937
256678.000000	4.960937
256679.000000	4.960937
256680.000000	4.960937
256681.000000	4.960937
256682.000000	4.960937
256683.000000	4.960937
256684.000000	4.980469
256685.000000	4.980469
256686.000000	5.000000
256687.000000	5.000000
256688.000000	5.019531
256689.000000	5.039062
256690.000000	5.019531
256691.000000	5.019531
256692.000000	5.039062
256693.000000	5.039062
256694.000000	5.058594
256695.000000	5.039062
256696.000000	5.078125
256697.000000	5.058594
256698.000000	5.117187
256699.000000	5.097656
256700.000000	5.078125
256701.000000	5.097656
256702.000000	5.058594
256703.000000	5.117187
256704.000000	5.136719
256705.000000	5.097656
256706.000000	5.117187
256707.000000	5.117187
256708.000000	5.078125
256709.000000	5.097656
256710.000000	5.136719
256711.000000	5.097656
256712.000000	5.136719
256713.000000	5.136719
256714.000000	5.117187
256715.000000	5.136719
256716.000000	5.117187
256717.000000	5.156250
256718.000000	5.156250
256719.000000	5.097656
256720.000000	5.136719
256721.000000	5.136719
256722.000000	5.097656
256723.000000	5.136719
256724.000000	5.136719
256725.000000	5.136719
256726.000000	5.136719
256727.000000	5.078125
256728.000000	5.117187
256729.000000	5.097656
256730.000000	5.136719
256731.000000	5.136719
256732.000000	5.097656
256733.000000	5.136719
256734.000000	5.097656
256735.000000	5.117187
256736.000000	5.078125
256737.000000	5.097656
256738.000000	5.078125
256739.000000	5.117187
256740.000000	5.117187
256741.000000	5.097656
256742.000000	5.078125
256743.000000	5.058594
256744.000000	5.078125
256745.000000	5.058594
256746.000000	5.058594
256747.000000	5.039062
256748.000000	5.058594
256749.000000	5.058594
256750.000000	5.078125
256751.000000	5.078125
256752.000000	5.058594
256753.000000	5.058594
256754.000000	5.039062
256755.000000	5.039062
256756.000000	5.039062
256757.000000	5.019531
256758.000000	5.039062
256759.000000	5.039062
256760.000000	5.058594
256761.000000	5.058594
256762.000000	5.019531
256763.000000	5.019531
256764.000000	5.000000
256765.000000	5.019531
256766.000000	5.019531
256767.000000	5.019531
256768.000000	5.019531
256769.000000	5.019531
256770.000000	5.019531
256771.000000	5.000000
256772.000000	5.019531
256773.000000	4.980469
256774.000000	5.019531
256775.000000	5.019531
256776.000000	5.039062
256777.000000	5.019531
256778.000000	5.000000
256779.000000	5.019531
256780.000000	4.980469
256781.000000	5.019531
256782.000000	4.980469
256783.000000	4.980469
256784.000000	4.980469
256785.000000	5.019531
256786.000000	5.000000
256787.000000	5.000000
256788.000000	4.980469
256789.000000	5.019531
256790.000000	5.019531
256791.000000	5.019531
256792.000000	5.019531
256793.000000	5.000000
256794.000000	5.000000
256795.000000	4.980469
256796.000000	5.019531
256797.000000	5.000000
256798.000000	5.000000
256799.000000	5.000000
256800.000000	4.980469
256801.000000	5.019531
256802.000000	5.019531
256803.000000	5.019531
256804.000000	5.000000
256805.000000	4.980469
256806.000000	5.019531
256807.000000	5.019531
256808.000000	5.000000
256809.000000	4.980469
256810.000000	5.000000
256811.000000	5.019531
256812.000000	5.019531
256813.000000	5.000000
256814.000000	5.019531
256815.000000	5.019531
256816.000000	5.039062
256817.000000	5.019531
256818.000000	5.000000
256819.000000	5.019531
256820.000000	5.039062
256821.000000	5.019531
256822.000000	5.000000
256823.000000	5.019531
256824.000000	5.019531
256825.000000	5.019531
256826.000000	5.019531
256827.000000	5.039062
256828.000000	5.019531
256829.000000	5.000000
256830.000000	5.000000
256831.000000	5.019531
256832.000000	5.039062
256833.000000	5.019531
256834.000000	5.000000
256835.000000	4.980469
256836.000000	5.000000
256837.000000	5.019531
256838.000000	5.019531
256839.000000	5.000000
256840.000000	5.000000
256841.000000	5.000000
256842.000000	4.980469
256843.000000	5.000000
256844.000000	5.019531
256845.000000	5.019531
256846.000000	4.980469
256847.000000	5.000000
256848.000000	5.000000
256849.000000	4.980469
256850.000000	5.000000
256851.000000	5.019531
256852.000000	5.000000
256853.000000	4.980469
256854.000000	5.000000
256855.000000	5.000000
256856.000000	4.980469
256857.000000	4.980469
256858.000000	5.019531
256859.000000	5.000000
256860.000000	4.980469
256861.000000	4.960937
256862.000000	5.000000
256863.000000	5.019531
256864.000000	5.000000
256865.000000	4.980469
256866.000000	5.000000
256867.000000	4.980469
256868.000000	4.980469
256869.000000	5.000000
256870.000000	5.019531
256871.000000	5.019531
256872.000000	4.980469
256873.000000	4.980469
256874.000000	4.980469
256875.000000	5.000000
256876.000000	5.019531
256877.000000	5.000000
256878.000000	5.000000
256879.000000	5.000000
256880.000000	5.019531
256881.000000	5.000000
256882.000000	4.980469
256883.000000	4.980469
256884.000000	4.980469
256885.000000	4.980469
256886.000000	5.019531
256887.000000	5.019531
256888.000000	5.019531
256889.000000	5.000000
256890.000000	5.000000
256891.000000	5.019531
256892.000000	5.000000
256893.000000	5.000000
256894.000000	4.980469
256895.000000	5.000000
256896.000000	5.019531
256897.000000	5.019531
256898.000000	5.019531
256899.000000	5.039062
256900.000000	5.039062
256901.000000	5.039062
256902.000000	5.019531
256903.000000	5.000000
256904.000000	5.000000
256905.000000	5.019531
256906.000000	5.019531
256907.000000	5.019531
256908.000000	5.039062
256909.000000	5.039062
256910.000000	5.039062
256911.000000	5.039062
256912.000000	5.019531
256913.000000	5.019531
256914.000000	5.039062
256915.000000	5.058594
256916.000000	5.058594
256917.000000	5.058594
256918.000000	5.039062
256919.000000	5.039062
256920.000000	5.039062
256921.000000	5.039062
256922.000000	5.039062
256923.000000	5.039062
256924.000000	5.019531
256925.000000	5.058594
256926.000000	5.039062
256927.000000	5.039062
256928.000000	5.039062
256929.000000	5.058594
256930.000000	5.058594
256931.000000	5.058594
256932.000000	5.039062
256933.000000	5.058594
256934.000000	5.058594
256935.000000	5.078125
256936.000000	5.039062
256937.000000	5.039062
256938.000000	5.039062
256939.000000	5.058594
256940.000000	5.039062
256941.000000	5.039062
256942.000000	5.019531
256943.000000	5.039062
256944.000000	5.058594
256945.000000	5.058594
256946.000000	5.058594
256947.000000	5.058594
256948.000000	5.078125
256949.000000	5.078125
256950.000000	5.058594
256951.000000	5.058594
256952.000000	5.058594
256953.000000	5.058594
256954.000000	5.058594
256955.000000	5.058594
256956.000000	5.039062
256957.000000	5.039062
256958.000000	5.039062
256959.000000	5.019531
256960.000000	5.019531
256961.000000	5.019531
256962.000000	5.039062
256963.000000	5.039062
256964.000000	5.039062
256965.000000	5.019531
256966.000000	5.019531
256967.000000	5.019531
256968.000000	5.019531
256969.000000	5.000000
256970.000000	5.019531
256971.000000	5.019531
256972.000000	5.019531
256973.000000	5.019531
256974.000000	5.000000
256975.000000	5.019531
256976.000000	5.019531
256977.000000	5.000000
256978.000000	5.000000
256979.000000	5.000000
256980.000000	5.019531
256981.000000	5.019531
256982.000000	5.019531
256983.000000	5.019531
256984.000000	5.019531
256985.000000	5.000000
256986.000000	5.000000
256987.000000	5.000000
256988.000000	4.980469
256989.000000	4.980469
256990.000000	5.000000
256991.000000	4.980469
256992.000000	4.980469
256993.000000	4.960937
256994.000000	4.980469
256995.000000	5.000000
256996.000000	5.019531
256997.000000	5.000000
256998.000000	4.980469
256999.000000	4.980469
257000.000000	4.980469
257001.000000	5.019531
257002.000000	5.000000
257003.000000	4.980469
257004.000000	4.980469
257005.000000	5.000000
257006.000000	4.960937
257007.000000	5.000000
257008.000000	4.980469
257009.000000	4.980469
257010.000000	5.000000
257011.000000	4.980469
257012.000000	4.960937
257013.000000	4.960937
257014.000000	4.980469
257015.000000	4.980469
257016.000000	4.980469
257017.000000	4.980469
257018.000000	5.000000
257019.000000	5.000000
257020.000000	5.000000
257021.000000	4.960937
257022.000000	4.960937
257023.000000	4.980469
257024.000000	5.000000
257025.000000	5.000000
257026.000000	5.000000
257027.000000	5.000000
257028.000000	4.960937
257029.000000	4.980469
257030.000000	4.980469
257031.000000	5.000000
257032.000000	5.000000
257033.000000	5.000000
257034.000000	5.019531
257035.000000	5.000000
257036.000000	4.980469
257037.000000	4.980469
257038.000000	5.000000
257039.000000	4.980469
257040.000000	5.019531
257041.000000	5.019531
257042.000000	5.019531
257043.000000	5.019531
257044.000000	5.000000
257045.000000	5.000000
257046.000000	5.000000
257047.000000	5.000000
257048.000000	5.019531
257049.000000	5.019531
257050.000000	5.019531
257051.000000	5.000000
257052.000000	5.000000
257053.000000	5.000000
257054.000000	5.019531
257055.000000	5.019531
257056.000000	5.019531
257057.000000	5.039062
257058.000000	5.019531
257059.000000	5.019531
257060.000000	5.000000
257061.000000	5.019531
257062.000000	5.000000
257063.000000	5.000000
257064.000000	5.000000
257065.000000	5.019531
257066.000000	5.039062
257067.000000	5.058594
257068.000000	5.039062
257069.000000	5.039062
257070.000000	5.019531
257071.000000	5.019531
257072.000000	5.039062
257073.000000	5.039062
257074.000000	5.058594
257075.000000	5.019531
257076.000000	5.039062
257077.000000	5.019531
257078.000000	5.058594
257079.000000	5.058594
257080.000000	5.019531
257081.000000	5.019531
257082.000000	5.058594
257083.000000	5.078125
257084.000000	5.058594
257085.000000	5.039062
257086.000000	5.019531
257087.000000	5.039062
257088.000000	5.058594
257089.000000	5.058594
257090.000000	5.039062
257091.000000	5.039062
257092.000000	5.019531
257093.000000	5.058594
257094.000000	5.058594
257095.000000	5.039062
257096.000000	5.039062
257097.000000	5.058594
257098.000000	5.039062
257099.000000	5.039062
257100.000000	5.039062
257101.000000	5.078125
257102.000000	5.039062
257103.000000	5.019531
257104.000000	5.039062
257105.000000	5.039062
257106.000000	5.058594
257107.000000	5.058594
257108.000000	5.019531
257109.000000	5.019531
257110.000000	5.039062
257111.000000	5.058594
257112.000000	5.039062
257113.000000	5.039062
257114.000000	5.039062
257115.000000	5.039062
257116.000000	5.039062
257117.000000	5.039062
257118.000000	5.019531
257119.000000	5.039062
257120.000000	5.058594
257121.000000	5.039062
257122.000000	5.019531
257123.000000	5.019531
257124.000000	5.058594
257125.000000	5.058594
257126.000000	5.039062
257127.000000	5.019531
257128.000000	5.019531
257129.000000	5.039062
257130.000000	5.058594
257131.000000	5.058594
257132.000000	5.019531
257133.000000	5.019531
257134.000000	5.039062
257135.000000	5.039062
257136.000000	5.019531
257137.000000	5.019531
257138.000000	5.058594
257139.000000	5.039062
257140.000000	5.000000
257141.000000	5.019531
257142.000000	5.058594
257143.000000	5.058594
257144.000000	5.019531
257145.000000	5.019531
257146.000000	5.039062
257147.000000	5.039062
257148.000000	5.000000
257149.000000	5.039062
257150.000000	5.058594
257151.000000	5.039062
257152.000000	5.019531
257153.000000	5.000000
257154.000000	5.039062
257155.000000	5.058594
257156.000000	5.039062
257157.000000	5.039062
257158.000000	5.000000
257159.000000	5.019531
257160.000000	5.019531
257161.000000	5.039062
257162.000000	5.019531
257163.000000	5.019531
257164.000000	5.039062
257165.000000	5.058594
257166.000000	5.039062
257167.000000	5.019531
257168.000000	5.019531
257169.000000	5.000000
257170.000000	5.019531
257171.000000	5.019531
257172.000000	5.019531
257173.000000	5.000000
257174.000000	5.019531
257175.000000	5.019531
257176.000000	5.039062
257177.000000	5.039062
257178.000000	5.039062
257179.000000	5.039062
257180.000000	5.019531
257181.000000	5.019531
257182.000000	5.000000
257183.000000	5.000000
257184.000000	5.019531
257185.000000	5.019531
257186.000000	5.039062
257187.000000	5.019531
257188.000000	5.019531
257189.000000	5.019531
257190.000000	5.039062
257191.000000	5.039062
257192.000000	5.019531
257193.000000	5.019531
257194.000000	5.000000
257195.000000	5.019531
257196.000000	5.000000
257197.000000	5.000000
257198.000000	5.000000
257199.000000	5.000000
257200.000000	5.000000
257201.000000	5.000000
257202.000000	5.000000
257203.000000	5.000000
257204.000000	5.019531
257205.000000	5.000000
257206.000000	5.000000
257207.000000	5.019531
257208.000000	5.019531
257209.000000	5.019531
257210.000000	5.019531
257211.000000	5.019531
257212.000000	5.019531
257213.000000	5.019531
257214.000000	5.000000
257215.000000	5.000000
257216.000000	5.000000
257217.000000	5.019531
257218.000000	5.019531
257219.000000	5.000000
257220.000000	4.980469
257221.000000	5.000000
257222.000000	5.000000
257223.000000	4.980469
257224.000000	4.980469
257225.000000	4.980469
257226.000000	4.980469
257227.000000	4.980469
257228.000000	4.980469
257229.000000	4.980469
257230.000000	5.000000
257231.000000	5.000000
257232.000000	5.000000
257233.000000	4.980469
257234.000000	5.000000
257235.000000	5.000000
257236.000000	5.019531
257237.000000	5.000000
257238.000000	5.000000
257239.000000	5.019531
257240.000000	5.019531
257241.000000	5.019531
257242.000000	4.980469
257243.000000	4.980469
257244.000000	4.960937
257245.000000	4.980469
257246.000000	4.980469
257247.000000	4.980469
257248.000000	4.980469
257249.000000	4.980469
257250.000000	5.000000
257251.000000	4.980469
257252.000000	4.980469
257253.000000	4.980469
257254.000000	4.980469
257255.000000	4.980469
257256.000000	4.980469
257257.000000	4.980469
257258.000000	4.980469
257259.000000	4.980469
257260.000000	4.980469
257261.000000	4.980469
257262.000000	4.980469
257263.000000	5.000000
257264.000000	4.980469
257265.000000	4.980469
257266.000000	4.980469
257267.000000	5.000000
257268.000000	5.000000
257269.000000	5.000000
257270.000000	5.019531
257271.000000	5.019531
257272.000000	5.019531
257273.000000	5.019531
257274.000000	5.000000
257275.000000	5.000000
257276.000000	5.019531
257277.000000	5.019531
257278.000000	5.019531
257279.000000	5.019531
257280.000000	5.000000
257281.000000	4.980469
257282.000000	5.000000
257283.000000	5.019531
257284.000000	5.039062
257285.000000	5.039062
257286.000000	5.000000
257287.000000	5.019531
257288.000000	5.000000
257289.000000	5.019531
257290.000000	5.039062
257291.000000	5.039062
257292.000000	5.019531
257293.000000	5.019531
257294.000000	5.019531
257295.000000	5.019531
257296.000000	5.019531
257297.000000	5.019531
257298.000000	5.039062
257299.000000	5.058594
257300.000000	5.058594
257301.000000	5.058594
257302.000000	5.019531
257303.000000	5.019531
257304.000000	5.019531
257305.000000	5.039062
257306.000000	5.058594
257307.000000	5.058594
257308.000000	5.039062
257309.000000	5.039062
257310.000000	5.039062
257311.000000	5.058594
257312.000000	5.058594
257313.000000	5.058594
257314.000000	5.039062
257315.000000	5.039062
257316.000000	5.058594
257317.000000	5.078125
257318.000000	5.058594
257319.000000	5.039062
257320.000000	5.039062
257321.000000	5.058594
257322.000000	5.078125
257323.000000	5.078125
257324.000000	5.039062
257325.000000	5.039062
257326.000000	5.039062
257327.000000	5.058594
257328.000000	5.078125
257329.000000	5.078125
257330.000000	5.039062
257331.000000	5.039062
257332.000000	5.039062
257333.000000	5.058594
257334.000000	5.078125
257335.000000	5.058594
257336.000000	5.039062
257337.000000	5.058594
257338.000000	5.078125
257339.000000	5.078125
257340.000000	5.078125
257341.000000	5.058594
257342.000000	5.039062
257343.000000	5.039062
257344.000000	5.058594
257345.000000	5.058594
257346.000000	5.058594
257347.000000	5.058594
257348.000000	5.058594
257349.000000	5.058594
257350.000000	5.039062
257351.000000	5.039062
257352.000000	5.019531
257353.000000	5.039062
257354.000000	5.058594
257355.000000	5.058594
257356.000000	5.058594
257357.000000	5.058594
257358.000000	5.039062
257359.000000	5.039062
257360.000000	5.039062
257361.000000	5.058594
257362.000000	5.058594
257363.000000	5.039062
257364.000000	5.019531
257365.000000	5.058594
257366.000000	5.058594
257367.000000	5.039062
257368.000000	5.019531
257369.000000	5.019531
257370.000000	5.019531
257371.000000	5.019531
257372.000000	5.019531
257373.000000	5.039062
257374.000000	5.039062
257375.000000	5.019531
257376.000000	5.000000
257377.000000	5.019531
257378.000000	5.039062
257379.000000	5.019531
257380.000000	5.019531
257381.000000	5.000000
257382.000000	5.019531
257383.000000	5.039062
257384.000000	5.000000
257385.000000	5.019531
257386.000000	5.000000
257387.000000	5.000000
257388.000000	5.019531
257389.000000	5.019531
257390.000000	5.019531
257391.000000	5.000000
257392.000000	4.980469
257393.000000	4.980469
257394.000000	5.019531
257395.000000	5.000000
257396.000000	5.019531
257397.000000	5.019531
257398.000000	5.019531
257399.000000	5.019531
257400.000000	5.019531
257401.000000	5.000000
257402.000000	4.980469
257403.000000	4.980469
257404.000000	4.980469
257405.000000	4.980469
257406.000000	4.980469
257407.000000	5.000000
257408.000000	5.000000
257409.000000	5.019531
257410.000000	5.000000
257411.000000	4.980469
257412.000000	4.980469
257413.000000	4.980469
257414.000000	4.980469
257415.000000	4.980469
257416.000000	5.000000
257417.000000	5.000000
257418.000000	5.000000
257419.000000	5.000000
257420.000000	4.980469
257421.000000	4.980469
257422.000000	4.980469
257423.000000	4.980469
257424.000000	4.980469
257425.000000	5.019531
257426.000000	5.000000
257427.000000	4.980469
257428.000000	4.980469
257429.000000	4.980469
257430.000000	4.980469
257431.000000	5.000000
257432.000000	5.019531
257433.000000	4.980469
257434.000000	5.000000
257435.000000	5.019531
257436.000000	5.000000
257437.000000	5.000000
257438.000000	5.000000
257439.000000	5.019531
257440.000000	5.019531
257441.000000	5.019531
257442.000000	5.000000
257443.000000	5.019531
257444.000000	5.019531
257445.000000	5.019531
257446.000000	4.980469
257447.000000	4.980469
257448.000000	4.980469
257449.000000	5.000000
257450.000000	5.019531
257451.000000	5.039062
257452.000000	5.019531
257453.000000	5.019531
257454.000000	5.019531
257455.000000	5.019531
257456.000000	5.000000
257457.000000	5.000000
257458.000000	5.000000
257459.000000	5.000000
257460.000000	5.000000
257461.000000	5.000000
257462.000000	5.000000
257463.000000	5.019531
257464.000000	5.039062
257465.000000	5.039062
257466.000000	5.039062
257467.000000	5.039062
257468.000000	5.039062
257469.000000	5.039062
257470.000000	5.019531
257471.000000	5.019531
257472.000000	5.019531
257473.000000	5.019531
257474.000000	5.039062
257475.000000	5.039062
257476.000000	5.039062
257477.000000	5.039062
257478.000000	5.039062
257479.000000	5.039062
257480.000000	5.019531
257481.000000	5.019531
257482.000000	5.019531
257483.000000	5.039062
257484.000000	5.058594
257485.000000	5.058594
257486.000000	5.039062
257487.000000	5.039062
257488.000000	5.058594
257489.000000	5.058594
257490.000000	5.058594
257491.000000	5.039062
257492.000000	5.058594
257493.000000	5.058594
257494.000000	5.078125
257495.000000	5.058594
257496.000000	5.058594
257497.000000	5.058594
257498.000000	5.078125
257499.000000	5.078125
257500.000000	5.058594
257501.000000	5.058594
257502.000000	5.058594
257503.000000	5.078125
257504.000000	5.058594
257505.000000	5.058594
257506.000000	5.039062
257507.000000	5.058594
257508.000000	5.039062
257509.000000	5.039062
257510.000000	5.019531
257511.000000	5.019531
257512.000000	5.058594
257513.000000	5.078125
257514.000000	5.058594
257515.000000	5.058594
257516.000000	5.058594
257517.000000	5.058594
257518.000000	5.058594
257519.000000	5.039062
257520.000000	5.019531
257521.000000	5.039062
257522.000000	5.039062
257523.000000	5.039062
257524.000000	5.019531
257525.000000	5.019531
257526.000000	5.039062
257527.000000	5.058594
257528.000000	5.058594
257529.000000	5.039062
257530.000000	5.058594
257531.000000	5.039062
257532.000000	5.058594
257533.000000	5.019531
257534.000000	5.019531
257535.000000	5.019531
257536.000000	5.039062
257537.000000	5.019531
257538.000000	5.019531
257539.000000	5.058594
257540.000000	5.058594
257541.000000	5.039062
257542.000000	5.039062
257543.000000	5.039062
257544.000000	5.058594
257545.000000	5.039062
257546.000000	5.019531
257547.000000	5.019531
257548.000000	5.019531
257549.000000	5.019531
257550.000000	5.000000
257551.000000	5.000000
257552.000000	5.000000
257553.000000	5.019531
257554.000000	5.039062
257555.000000	5.039062
257556.000000	5.019531
257557.000000	5.019531
257558.000000	5.000000
257559.000000	5.019531
257560.000000	5.019531
257561.000000	5.019531
257562.000000	5.019531
257563.000000	5.000000
257564.000000	5.000000
257565.000000	5.000000
257566.000000	5.039062
257567.000000	5.019531
257568.000000	5.000000
257569.000000	5.000000
257570.000000	5.000000
257571.000000	5.019531
257572.000000	5.019531
257573.000000	5.000000
257574.000000	4.980469
257575.000000	5.000000
257576.000000	5.000000
257577.000000	5.000000
257578.000000	5.000000
257579.000000	5.019531
257580.000000	5.000000
257581.000000	4.980469
257582.000000	4.980469
257583.000000	5.019531
257584.000000	5.019531
257585.000000	5.019531
257586.000000	4.980469
257587.000000	5.000000
257588.000000	4.980469
257589.000000	5.000000
257590.000000	5.000000
257591.000000	5.000000
257592.000000	5.019531
257593.000000	5.019531
257594.000000	5.000000
257595.000000	5.000000
257596.000000	4.980469
257597.000000	4.980469
257598.000000	5.019531
257599.000000	5.019531
257600.000000	5.000000
257601.000000	5.000000
257602.000000	5.019531
257603.000000	4.980469
257604.000000	5.000000
257605.000000	5.019531
257606.000000	5.019531
257607.000000	5.000000
257608.000000	5.000000
257609.000000	5.000000
257610.000000	5.019531
257611.000000	5.000000
257612.000000	5.000000
257613.000000	5.019531
257614.000000	5.019531
257615.000000	5.000000
257616.000000	5.000000
257617.000000	5.039062
257618.000000	5.000000
257619.000000	5.019531
257620.000000	5.039062
257621.000000	5.019531
257622.000000	5.000000
257623.000000	5.019531
257624.000000	5.019531
257625.000000	5.019531
257626.000000	5.019531
257627.000000	5.019531
257628.000000	5.039062
257629.000000	5.019531
257630.000000	5.019531
257631.000000	5.039062
257632.000000	5.039062
257633.000000	5.019531
257634.000000	5.019531
257635.000000	5.019531
257636.000000	5.039062
257637.000000	5.058594
257638.000000	5.058594
257639.000000	5.039062
257640.000000	5.019531
257641.000000	5.019531
257642.000000	5.019531
257643.000000	5.039062
257644.000000	5.058594
257645.000000	5.039062
257646.000000	5.058594
257647.000000	5.039062
257648.000000	5.039062
257649.000000	5.039062
257650.000000	5.039062
257651.000000	5.039062
257652.000000	5.039062
257653.000000	5.039062
257654.000000	5.039062
257655.000000	5.019531
257656.000000	5.039062
257657.000000	5.058594
257658.000000	5.058594
257659.000000	5.039062
257660.000000	5.039062
257661.000000	5.039062
257662.000000	5.058594
257663.000000	5.058594
257664.000000	5.078125
257665.000000	5.058594
257666.000000	5.039062
257667.000000	5.039062
257668.000000	5.058594
257669.000000	5.058594
257670.000000	5.058594
257671.000000	5.058594
257672.000000	5.019531
257673.000000	5.019531
257674.000000	5.019531
257675.000000	5.039062
257676.000000	5.058594
257677.000000	5.058594
257678.000000	5.058594
257679.000000	5.058594
257680.000000	5.058594
257681.000000	5.058594
257682.000000	5.058594
257683.000000	5.039062
257684.000000	5.058594
257685.000000	5.058594
257686.000000	5.058594
257687.000000	5.039062
257688.000000	5.058594
257689.000000	5.078125
257690.000000	5.058594
257691.000000	5.058594
257692.000000	5.039062
257693.000000	5.058594
257694.000000	5.039062
257695.000000	5.039062
257696.000000	5.019531
257697.000000	5.019531
257698.000000	5.019531
257699.000000	5.019531
257700.000000	5.039062
257701.000000	5.039062
257702.000000	5.039062
257703.000000	5.058594
257704.000000	5.058594
257705.000000	5.039062
257706.000000	5.039062
257707.000000	5.019531
257708.000000	5.019531
257709.000000	5.019531
257710.000000	5.019531
257711.000000	5.000000
257712.000000	5.019531
257713.000000	5.019531
257714.000000	5.058594
257715.000000	5.039062
257716.000000	5.019531
257717.000000	5.039062
257718.000000	5.019531
257719.000000	5.019531
257720.000000	5.000000
257721.000000	5.000000
257722.000000	5.000000
257723.000000	5.019531
257724.000000	5.039062
257725.000000	5.019531
257726.000000	5.000000
257727.000000	5.019531
257728.000000	5.000000
257729.000000	5.019531
257730.000000	5.000000
257731.000000	5.019531
257732.000000	5.019531
257733.000000	5.039062
257734.000000	5.019531
257735.000000	5.039062
257736.000000	5.039062
257737.000000	5.039062
257738.000000	5.019531
257739.000000	5.019531
257740.000000	5.039062
257741.000000	5.039062
257742.000000	5.039062
257743.000000	5.019531
257744.000000	5.019531
257745.000000	5.039062
257746.000000	5.019531
257747.000000	5.019531
257748.000000	5.000000
257749.000000	5.019531
257750.000000	5.000000
257751.000000	5.019531
257752.000000	5.039062
257753.000000	5.000000
257754.000000	5.000000
257755.000000	5.000000
257756.000000	5.039062
257757.000000	5.039062
257758.000000	5.000000
257759.000000	5.000000
257760.000000	5.000000
257761.000000	5.039062
257762.000000	5.019531
257763.000000	5.000000
257764.000000	5.019531
257765.000000	5.019531
257766.000000	5.019531
257767.000000	5.000000
257768.000000	5.019531
257769.000000	5.000000
257770.000000	5.019531
257771.000000	5.019531
257772.000000	5.039062
257773.000000	5.039062
257774.000000	5.039062
257775.000000	5.019531
257776.000000	5.000000
257777.000000	5.019531
257778.000000	5.019531
257779.000000	5.000000
257780.000000	5.000000
257781.000000	5.000000
257782.000000	5.019531
257783.000000	5.039062
257784.000000	5.039062
257785.000000	5.039062
257786.000000	5.019531
257787.000000	5.019531
257788.000000	5.019531
257789.000000	5.019531
257790.000000	5.000000
257791.000000	5.000000
257792.000000	5.019531
257793.000000	5.039062
257794.000000	5.058594
257795.000000	5.019531
257796.000000	5.000000
257797.000000	5.019531
257798.000000	5.019531
257799.000000	5.019531
257800.000000	5.000000
257801.000000	5.000000
257802.000000	5.000000
257803.000000	5.019531
257804.000000	5.019531
257805.000000	5.019531
257806.000000	5.019531
257807.000000	5.019531
257808.000000	5.058594
257809.000000	5.058594
257810.000000	5.019531
257811.000000	5.000000
257812.000000	5.019531
257813.000000	5.019531
257814.000000	5.039062
257815.000000	5.019531
257816.000000	5.039062
257817.000000	5.019531
257818.000000	5.039062
257819.000000	5.000000
257820.000000	5.019531
257821.000000	5.019531
257822.000000	5.019531
257823.000000	5.000000
257824.000000	5.019531
257825.000000	5.000000
257826.000000	5.019531
257827.000000	5.019531
257828.000000	5.000000
257829.000000	5.000000
257830.000000	5.019531
257831.000000	5.019531
257832.000000	5.019531
257833.000000	5.000000
257834.000000	5.019531
257835.000000	5.019531
257836.000000	5.019531
257837.000000	5.019531
257838.000000	5.000000
257839.000000	5.019531
257840.000000	5.019531
257841.000000	5.019531
257842.000000	5.000000
257843.000000	5.019531
257844.000000	5.058594
257845.000000	5.058594
257846.000000	5.039062
257847.000000	5.019531
257848.000000	5.000000
257849.000000	5.039062
257850.000000	5.039062
257851.000000	5.039062
257852.000000	5.000000
257853.000000	5.000000
257854.000000	5.019531
257855.000000	5.039062
257856.000000	5.039062
257857.000000	5.019531
257858.000000	5.039062
257859.000000	5.039062
257860.000000	5.000000
257861.000000	5.019531
257862.000000	5.019531
257863.000000	5.039062
257864.000000	5.039062
257865.000000	5.039062
257866.000000	5.039062
257867.000000	5.019531
257868.000000	5.019531
257869.000000	5.000000
257870.000000	5.019531
257871.000000	5.019531
257872.000000	5.000000
257873.000000	5.019531
257874.000000	5.039062
257875.000000	5.039062
257876.000000	5.000000
257877.000000	5.000000
257878.000000	5.000000
257879.000000	5.019531
257880.000000	5.039062
257881.000000	5.019531
257882.000000	5.019531
257883.000000	5.019531
257884.000000	5.000000
257885.000000	5.019531
257886.000000	5.039062
257887.000000	5.019531
257888.000000	5.000000
257889.000000	5.000000
257890.000000	5.019531
257891.000000	5.019531
257892.000000	5.039062
257893.000000	5.019531
257894.000000	5.000000
257895.000000	5.000000
257896.000000	5.039062
257897.000000	5.039062
257898.000000	5.000000
257899.000000	5.019531
257900.000000	5.000000
257901.000000	5.000000
257902.000000	5.039062
257903.000000	5.039062
257904.000000	5.019531
257905.000000	5.000000
257906.000000	5.019531
257907.000000	5.019531
257908.000000	5.000000
257909.000000	5.000000
257910.000000	5.019531
257911.000000	5.019531
257912.000000	5.019531
257913.000000	5.019531
257914.000000	5.000000
257915.000000	5.019531
257916.000000	5.039062
257917.000000	5.019531
257918.000000	5.000000
257919.000000	5.000000
257920.000000	5.019531
257921.000000	5.019531
257922.000000	5.039062
257923.000000	5.039062
257924.000000	5.039062
257925.000000	5.039062
257926.000000	5.000000
257927.000000	5.019531
257928.000000	5.019531
257929.000000	5.019531
257930.000000	5.019531
257931.000000	5.019531
257932.000000	5.019531
257933.000000	5.019531
257934.000000	5.039062
257935.000000	5.039062
257936.000000	5.019531
257937.000000	5.039062
257938.000000	5.019531
257939.000000	5.000000
257940.000000	5.019531
257941.000000	5.019531
257942.000000	5.039062
257943.000000	5.058594
257944.000000	5.039062
257945.000000	5.019531
257946.000000	5.019531
257947.000000	5.039062
257948.000000	5.039062
257949.000000	5.019531
257950.000000	5.000000
257951.000000	5.019531
257952.000000	5.019531
257953.000000	5.019531
257954.000000	5.000000
257955.000000	5.019531
257956.000000	5.019531
257957.000000	5.000000
257958.000000	5.000000
257959.000000	5.019531
257960.000000	5.019531
257961.000000	5.019531
257962.000000	5.019531
257963.000000	5.019531
257964.000000	5.019531
257965.000000	5.019531
257966.000000	5.019531
257967.000000	5.019531
257968.000000	5.019531
257969.000000	5.039062
257970.000000	5.039062
257971.000000	5.019531
257972.000000	5.019531
257973.000000	5.058594
257974.000000	5.039062
257975.000000	5.039062
257976.000000	5.039062
257977.000000	5.058594
257978.000000	5.058594
257979.000000	5.058594
257980.000000	5.058594
257981.000000	5.058594
257982.000000	5.058594
257983.000000	5.058594
257984.000000	5.058594
257985.000000	5.039062
257986.000000	5.058594
257987.000000	5.058594
257988.000000	5.058594
257989.000000	5.039062
257990.000000	5.039062
257991.000000	5.058594
257992.000000	5.039062
257993.000000	5.019531
257994.000000	5.019531
257995.000000	5.039062
257996.000000	5.039062
257997.000000	5.058594
257998.000000	5.019531
257999.000000	5.019531
258000.000000	5.019531
258001.000000	5.039062
258002.000000	5.019531
258003.000000	5.019531
258004.000000	5.019531
258005.000000	5.039062
258006.000000	5.039062
258007.000000	5.019531
258008.000000	5.019531
258009.000000	5.039062
258010.000000	5.039062
258011.000000	5.039062
258012.000000	5.039062
258013.000000	5.058594
258014.000000	5.058594
258015.000000	5.058594
258016.000000	5.039062
258017.000000	5.039062
258018.000000	5.039062
258019.000000	5.019531
258020.000000	5.019531
258021.000000	5.019531
258022.000000	5.039062
258023.000000	5.039062
258024.000000	5.019531
258025.000000	5.019531
258026.000000	5.039062
258027.000000	5.039062
258028.000000	5.058594
258029.000000	5.039062
258030.000000	5.058594
258031.000000	5.058594
258032.000000	5.058594
258033.000000	5.039062
258034.000000	5.019531
258035.000000	5.019531
258036.000000	5.019531
258037.000000	5.019531
258038.000000	5.019531
258039.000000	5.019531
258040.000000	5.039062
258041.000000	5.039062
258042.000000	5.058594
258043.000000	5.039062
258044.000000	5.019531
258045.000000	5.019531
258046.000000	5.019531
258047.000000	5.000000
258048.000000	5.019531
258049.000000	5.039062
258050.000000	5.019531
258051.000000	5.019531
258052.000000	5.019531
258053.000000	5.019531
258054.000000	5.019531
258055.000000	5.039062
258056.000000	5.019531
258057.000000	5.000000
258058.000000	5.039062
258059.000000	5.039062
258060.000000	5.000000
258061.000000	5.000000
258062.000000	5.000000
258063.000000	5.019531
258064.000000	5.039062
258065.000000	5.039062
258066.000000	5.000000
258067.000000	5.000000
258068.000000	5.000000
258069.000000	5.000000
258070.000000	5.019531
258071.000000	5.000000
258072.000000	5.019531
258073.000000	5.039062
258074.000000	5.039062
258075.000000	5.039062
258076.000000	5.019531
258077.000000	5.000000
258078.000000	5.000000
258079.000000	5.000000
258080.000000	5.000000
258081.000000	5.000000
258082.000000	5.019531
258083.000000	5.019531
258084.000000	5.000000
258085.000000	5.000000
258086.000000	4.980469
258087.000000	5.000000
258088.000000	5.000000
258089.000000	5.019531
258090.000000	5.039062
258091.000000	5.019531
258092.000000	5.000000
258093.000000	5.019531
258094.000000	5.000000
258095.000000	4.980469
258096.000000	5.019531
258097.000000	5.019531
258098.000000	5.019531
258099.000000	5.000000
258100.000000	5.000000
258101.000000	5.000000
258102.000000	4.980469
258103.000000	4.980469
258104.000000	4.980469
258105.000000	5.000000
258106.000000	5.000000
258107.000000	4.980469
258108.000000	4.980469
258109.000000	5.000000
258110.000000	4.980469
258111.000000	4.980469
258112.000000	4.980469
258113.000000	5.000000
258114.000000	5.019531
258115.000000	5.000000
258116.000000	5.019531
258117.000000	5.000000
258118.000000	5.019531
258119.000000	5.019531
258120.000000	5.019531
258121.000000	5.000000
258122.000000	5.019531
258123.000000	5.039062
258124.000000	5.039062
258125.000000	5.019531
258126.000000	5.000000
258127.000000	5.000000
258128.000000	5.019531
258129.000000	5.039062
258130.000000	5.039062
258131.000000	5.000000
258132.000000	5.000000
258133.000000	5.019531
258134.000000	5.039062
258135.000000	5.019531
258136.000000	5.019531
258137.000000	5.019531
258138.000000	5.039062
258139.000000	5.039062
258140.000000	5.019531
258141.000000	5.019531
258142.000000	5.039062
258143.000000	5.000000
258144.000000	5.019531
258145.000000	5.039062
258146.000000	5.039062
258147.000000	5.039062
258148.000000	5.039062
258149.000000	5.039062
258150.000000	5.039062
258151.000000	5.019531
258152.000000	5.019531
258153.000000	5.019531
258154.000000	5.058594
258155.000000	5.039062
258156.000000	5.039062
258157.000000	5.039062
258158.000000	5.019531
258159.000000	5.019531
258160.000000	5.019531
258161.000000	5.019531
258162.000000	5.039062
258163.000000	5.058594
258164.000000	5.058594
258165.000000	5.058594
258166.000000	5.039062
258167.000000	5.019531
258168.000000	5.039062
258169.000000	5.058594
258170.000000	5.058594
258171.000000	5.039062
258172.000000	5.019531
258173.000000	5.039062
258174.000000	5.058594
258175.000000	5.058594
258176.000000	5.039062
258177.000000	5.019531
258178.000000	5.039062
258179.000000	5.058594
258180.000000	5.058594
258181.000000	5.078125
258182.000000	5.039062
258183.000000	5.019531
258184.000000	5.039062
258185.000000	5.058594
258186.000000	5.078125
258187.000000	5.058594
258188.000000	5.039062
258189.000000	5.039062
258190.000000	5.058594
258191.000000	5.058594
258192.000000	5.058594
258193.000000	5.058594
258194.000000	5.039062
258195.000000	5.019531
258196.000000	5.058594
258197.000000	5.058594
258198.000000	5.078125
258199.000000	5.058594
258200.000000	5.039062
258201.000000	5.039062
258202.000000	5.039062
258203.000000	5.039062
258204.000000	5.039062
258205.000000	5.019531
258206.000000	5.058594
258207.000000	5.058594
258208.000000	5.058594
258209.000000	5.058594
258210.000000	5.058594
258211.000000	5.058594
258212.000000	5.058594
258213.000000	5.058594
258214.000000	5.019531
258215.000000	5.019531
258216.000000	5.019531
258217.000000	5.039062
258218.000000	5.058594
258219.000000	5.058594
258220.000000	5.039062
258221.000000	5.058594
258222.000000	5.058594
258223.000000	5.058594
258224.000000	5.039062
258225.000000	5.019531
258226.000000	5.019531
258227.000000	5.019531
258228.000000	5.039062
258229.000000	5.019531
258230.000000	5.039062
258231.000000	5.039062
258232.000000	5.058594
258233.000000	5.039062
258234.000000	5.039062
258235.000000	5.019531
258236.000000	5.000000
258237.000000	5.019531
258238.000000	5.019531
258239.000000	5.000000
258240.000000	5.000000
258241.000000	5.000000
258242.000000	5.019531
258243.000000	5.000000
258244.000000	5.000000
258245.000000	5.000000
258246.000000	5.019531
258247.000000	5.000000
258248.000000	5.000000
258249.000000	5.000000
258250.000000	5.000000
258251.000000	5.019531
258252.000000	5.000000
258253.000000	5.000000
258254.000000	5.019531
258255.000000	5.019531
258256.000000	5.019531
258257.000000	5.000000
258258.000000	5.000000
258259.000000	5.019531
258260.000000	5.000000
258261.000000	4.980469
258262.000000	4.980469
258263.000000	4.980469
258264.000000	5.000000
258265.000000	5.000000
258266.000000	4.980469
258267.000000	4.980469
258268.000000	5.000000
258269.000000	5.019531
258270.000000	5.019531
258271.000000	5.000000
258272.000000	5.019531
258273.000000	5.019531
258274.000000	5.000000
258275.000000	5.019531
258276.000000	4.980469
258277.000000	4.980469
258278.000000	5.000000
258279.000000	5.019531
